	Theta	Offset	DEC-Einstein	DEC-ROSART	RA-Einstein		RA-ROSAT	SNR-Einstein	SNR-ROSAT
    25.8	    0.44	55.137461	55.130770	  211.875283	  211.879790	    3.62	   24.46
     9.4	    0.31	55.270720	55.270970	  244.266441	  244.270980	   29.08	    1.89
    25.2	    0.46	55.325885	55.327080	  301.879535	  301.867430	    3.35	   15.26
    23.2	    0.54	55.385593	55.379830	  117.533976	  117.539090	    4.34	   14.16
    27.0	    0.90	55.449691	55.454730	  179.493477	  179.483660	   14.41	    2.83
     9.5	    0.31	55.490123	55.489960	  280.681472	  280.686100	    6.64	    4.23
    54.1	    0.73	55.491365	55.481240	  199.725324	  199.705700	    2.65	   12.61
    15.3	    0.33	55.537550	55.533380	  179.980478	  179.981990	    4.43	   20.70
    30.0	    0.67	55.565134	55.562230	  244.985498	  244.999310	    4.01	   17.98
    16.4	    0.40	55.601831	55.599710	  301.936722	  301.929600	    4.70	    5.40
   145.0	    1.96	55.612263	55.625100	  226.958068	  227.025700	    2.05	   12.43
    14.1	    0.33	55.635570	55.632880	  117.286242	  117.281230	    5.90	    9.45
   159.3	    2.46	55.666789	55.686820	  280.474062	  280.544040	    3.12	   37.06
    30.1	    0.41	55.677629	55.681310	  150.481923	  150.495220	    2.78	   11.16
    23.8	    0.45	55.711155	55.704740	  266.240322	  266.237490	    3.21	    4.70
   187.4	    2.29	55.720119	55.686820	  280.473010	  280.544040	    2.57	   37.06
   125.3	    1.71	55.728702	55.704740	  266.192700	  266.237490	    2.50	    4.70
   128.1	    1.69	55.736488	55.770930	  226.799907	  226.784060	    2.02	   19.94
    23.4	    0.44	55.736731	55.731000	  292.813465	  292.808010	    3.91	    3.84
    64.8	    1.50	55.751623	55.734270	  173.098016	  173.106450	    4.65	   13.79
    36.6	    0.67	55.762621	55.760320	  226.610131	  226.627750	    3.09	   12.99
    10.3	    0.14	55.768955	55.771780	  179.904421	  179.903720	    2.87	   16.16
   162.9	    2.21	55.798659	55.802950	  206.215923	  206.296080	    2.87	   11.18
   156.6	    2.10	55.815054	55.840310	  301.916680	  301.853610	    2.22	   14.74
    31.1	    0.58	55.900130	55.897720	  150.325042	  150.339830	    3.40	    6.73
    14.4	    0.47	55.957195	55.956260	  145.945295	  145.938340	   10.53	    5.63
    33.3	    0.96	55.964964	55.973990	  173.098722	  173.095050	   12.47	   17.68
    36.1	    0.49	56.025225	56.021440	  228.895292	  228.878690	    2.88	    8.32
    44.6	    0.60	56.082256	56.072590	  193.837807	  193.823940	    2.10	   16.35
   145.1	    1.95	56.154721	56.120510	  161.020208	  160.981960	    2.48	   14.12
    44.0	    0.81	56.348181	56.359980	  228.104630	  228.098950	    3.10	   11.19
    98.8	    1.31	56.352394	56.378740	  228.585818	  228.599730	    2.07	   18.56
    17.7	    0.32	56.416923	56.415380	  173.566326	  173.574740	    3.19	   14.90
    49.9	    1.18	56.422369	56.432090	  214.781708	  214.799550	    4.24	    9.60
    51.1	    1.67	56.445838	56.434330	  214.266751	  214.251750	    9.09	    6.22
    49.9	    1.15	56.502695	56.516070	  192.393532	  192.400120	    4.03	   14.48
    32.2	    0.60	56.535848	56.534380	  154.256375	  154.240360	    3.63	    6.28
    57.4	    0.78	56.537388	56.523930	  275.882432	  275.897950	    2.32	   12.14
     9.2	    0.30	56.576653	56.575880	  193.118113	  193.113690	    7.99	    5.61
    65.5	    1.50	56.641192	56.627470	  163.872322	  163.850570	    4.08	   15.37
   186.6	    2.52	56.661497	56.710430	  154.065213	  154.096280	    2.55	   12.48
    18.7	    0.44	56.770044	56.767980	  153.434580	  153.425900	    4.16	   11.19
    25.2	    0.45	56.833535	56.827890	  193.734682	  193.742290	    3.19	   17.90
    40.7	    0.95	56.833562	56.837690	  192.759761	  192.740520	    5.83	   11.83
    19.7	    0.48	56.849274	56.849310	  276.039272	  276.029270	    5.38	    3.46
    41.7	    0.97	56.903197	56.914780	  153.597563	  153.597600	    4.41	   13.29
   124.3	    1.67	57.041378	57.073960	  163.811338	  163.832290	    2.53	   14.63
    18.7	    0.62	57.272885	57.275240	  120.639849	  120.648440	   25.97	    2.13
    37.2	    0.68	57.298765	57.305280	  227.402265	  227.417110	    3.61	   14.52
    60.3	    0.82	57.503447	57.503130	  122.823387	  122.792240	    2.85	   11.37
    37.2	    0.89	57.613258	57.605030	  234.549330	  234.537670	    4.24	    8.78
    98.0	    1.77	57.636259	57.655850	  199.314371	  199.349720	    3.08	   16.23
    19.4	    0.36	57.657209	57.652660	  124.108245	  124.102880	    3.22	    8.64
    72.3	    1.28	57.729605	57.713400	  123.927086	  123.904850	    3.01	   19.40
    45.1	    1.34	57.900268	57.904370	  129.797444	  129.775150	    8.90	   15.48
    16.8	    0.56	57.905668	57.901130	  233.964522	  233.966580	   20.64	    1.75
    93.1	    1.72	57.936209	57.961070	  157.679589	  157.692980	    3.01	   10.59
   265.7	    3.54	58.017110	58.085770	  158.165160	  158.113940	    2.43	   17.31
    29.9	    0.39	58.017110	58.011980	  158.165160	  158.152860	    2.43	   20.65
    65.1	    0.88	58.027794	58.015570	  233.543168	  233.518020	    2.64	   11.63
    13.0	    0.24	58.062726	58.066310	  199.417522	  199.418320	    3.27	   12.09
    39.2	    0.87	58.214053	58.206570	  198.946252	  198.931240	    5.37	   19.22
    37.2	    0.88	58.219197	58.208970	  202.015467	  202.018330	    4.63	   11.05
    50.7	    0.68	58.256986	58.270580	  157.979369	  157.986400	    2.40	   16.61
    47.5	    0.88	58.283356	58.278820	  199.825154	  199.801610	    3.02	   10.13
   122.8	    2.24	58.298356	58.321470	  123.956937	  124.004720	    3.30	   13.89
    27.3	    0.89	58.424921	58.418460	  202.402333	  202.409940	   11.65	    6.46
    38.4	    0.68	58.432971	58.442130	  198.181084	  198.170590	    3.16	   19.03
   148.8	    1.99	58.462351	58.426660	  198.690145	  198.729930	    2.53	   16.81
   107.9	    1.46	58.513802	58.540600	  202.861256	  202.835600	    2.51	   10.07
    80.0	    1.48	58.522770	58.540600	  202.810237	  202.835600	    3.97	   10.07
    21.4	    0.71	58.558610	58.564480	  240.472742	  240.474460	   14.79	    1.71
     6.4	    0.21	58.767969	58.769740	  114.237508	  114.237320	   10.11	    5.47
   132.8	    1.68	58.898841	58.873880	  133.490046	  133.437480	    2.57	   30.81
    48.3	    1.56	58.927842	58.940830	  191.164959	  191.171400	   10.24	    7.17
    20.0	    0.66	59.025785	59.021190	   76.559350	   76.553310	   15.26	    3.29
    75.1	    1.39	59.127408	59.147630	  134.252619	  134.262680	    3.69	   10.44
    23.3	    0.32	59.305952	59.312200	  193.250237	  193.246950	    2.93	   10.50
    10.7	    0.20	59.331399	59.334350	  283.243851	  283.244600	    3.67	   10.15
    17.5	    0.40	59.359097	59.354230	  234.664843	  234.665050	    4.09	   14.23
    21.5	    0.52	59.392316	59.387100	  282.807049	  282.801360	    4.42	    6.31
    31.3	    0.59	59.628456	59.622830	  280.715245	  280.702150	    3.86	    5.78
     9.2	    0.30	59.660744	59.661740	  212.354203	  212.349560	   13.50	    7.27
    58.3	    1.34	59.706034	59.722130	  212.582457	  212.578810	    4.14	   14.26
    32.0	    0.44	59.708140	59.713820	  235.871869	  235.885410	    2.60	    8.54
    15.2	    0.49	59.770103	59.771260	  308.709068	  308.700990	    9.45	    8.90
   138.9	    1.87	59.824990	59.810670	  261.543597	  261.472320	    2.27	   12.95
    13.3	    0.18	59.878497	59.876380	  307.750879	  307.756900	    2.88	   10.38
    11.4	    0.21	59.931958	59.929580	  261.666573	  261.662410	    3.92	    7.51
    21.2	    0.46	60.019383	60.022230	  206.153470	  206.143130	    4.51	   20.18
   144.6	    2.59	60.028592	60.061000	  205.708708	  205.756240	    3.07	   17.61
    35.3	    0.65	60.087749	60.094400	  309.785195	  309.799680	    3.26	   13.63
    75.5	    2.38	60.170232	60.190750	  308.738663	  308.747310	   17.75	   10.22
    20.6	    0.28	60.195715	60.191810	  261.002800	  260.994380	    2.65	    9.45
    48.1	    1.12	60.259121	60.259580	  205.421134	  205.394200	    5.69	   12.59
   156.7	    2.12	60.269287	60.239840	  259.903254	  259.967900	    2.18	   11.82
   110.6	    1.50	60.270587	60.249390	  257.102846	  257.058010	    2.71	   10.76
    17.7	    0.59	60.324245	60.320520	  192.170358	  192.163860	   19.76	    2.87
    77.8	    1.17	60.366126	60.380820	  205.545668	  205.577710	    3.36	   39.70
    39.9	    0.94	60.378212	60.367950	  307.926271	  307.934690	    5.32	   10.84
    19.2	    0.44	60.401093	60.401680	  256.749198	  256.738490	    5.11	   15.16
    48.0	    1.04	60.402158	60.414910	  309.113239	  309.121190	    4.90	   21.42
    32.2	    0.76	60.408039	60.412920	  206.997317	  206.982150	    5.37	    9.89
    84.0	    1.15	60.419863	60.402750	  294.810262	  294.778110	    2.40	    7.23
    96.0	    1.68	60.428857	60.414910	  309.167203	  309.121190	    3.36	   21.42
    27.0	    0.84	60.438046	60.445080	   75.847196	   75.852550	    6.91	   11.64
    26.3	    0.84	60.498082	60.503560	  310.082127	  310.072330	    6.55	    8.45
   176.1	    2.36	60.505490	60.489020	  308.264314	  308.357820	    2.72	   14.85
   128.5	    2.33	60.524004	60.489020	  308.372139	  308.357820	    3.24	   14.85
   148.5	    2.03	60.541111	60.525930	  206.940584	  207.018550	    2.91	    6.56
    37.0	    0.70	60.591668	60.589280	  295.638285	  295.617950	    3.42	    3.74
   181.1	    2.48	60.659354	60.700230	  249.826314	  249.766460	    2.18	    2.48
    15.3	    0.50	60.702774	60.705730	  256.403673	  256.397430	   20.97	    4.93
    14.5	    0.48	60.703562	60.700230	  249.771051	  249.766460	    9.52	    2.48
   136.9	    1.87	60.723905	60.692510	  295.147305	  295.103450	    2.86	    7.32
    29.9	    0.97	60.746401	60.740020	  256.184877	  256.173980	   25.05	    7.46
    28.1	    0.88	60.799002	60.795930	  256.038093	  256.023410	    7.83	   10.43
    27.9	    0.38	60.896566	60.890230	  249.347039	  249.356230	    2.70	   10.65
    37.9	    1.19	60.982145	60.980470	  255.557244	  255.535840	   13.15	   10.71
    77.6	    1.05	61.009870	60.993270	  246.055440	  246.027070	    2.75	   13.36
   106.2	    1.42	61.076696	61.056780	  198.630946	  198.585940	    2.07	   16.42
    71.8	    0.95	61.111977	61.095340	  198.318184	  198.295460	    2.87	   18.23
   210.9	    2.86	61.175201	61.189380	  245.480981	  245.363070	    2.85	   10.55
    93.0	    1.25	61.175201	61.152570	  245.480981	  245.506760	    2.85	   13.79
    60.0	    1.11	61.201068	61.189380	  245.387745	  245.363070	    3.45	   10.55
   270.5	    4.94	61.201068	61.152570	  245.387745	  245.506760	    3.45	   13.79
    16.6	    0.30	61.516352	61.515800	  246.009125	  245.999500	    3.09	   13.12
    22.5	    0.54	61.649620	61.654450	  165.850306	  165.841960	    4.62	    5.91
   147.4	    1.98	61.656936	61.696250	  245.706839	  245.730870	    2.32	   13.81
    46.3	    0.84	61.683723	61.696250	  245.724827	  245.730870	    3.36	   13.81
    28.5	    0.68	61.702761	61.694860	  245.949292	  245.949910	    4.34	    8.11
    60.9	    1.12	61.758859	61.771520	  265.730656	  265.706970	    3.72	   11.57
    89.2	    1.22	61.799838	61.822420	  245.815519	  245.837130	    2.52	    6.59
    11.5	    0.16	61.810957	61.808180	  246.492662	  246.495970	    2.58	    9.08
    73.9	    0.91	61.978824	61.964000	  180.089052	  180.058870	    2.16	   35.91
   103.9	    1.40	62.155756	62.179340	  210.566823	  210.531170	    2.31	   13.66
    17.1	    0.23	62.165813	62.161700	  268.924000	  268.918880	    2.30	    4.43
    43.1	    1.05	62.207513	62.213240	  209.785390	  209.762850	    4.52	    4.16
    17.6	    0.33	62.235289	62.237520	  210.834272	  210.824940	    3.46	    8.78
    32.7	    0.60	62.305791	62.314490	  209.897960	  209.892400	    3.34	   12.65
    11.2	    0.27	62.307429	62.309850	  250.281257	  250.285450	    5.50	    6.37
    76.6	    1.05	62.316954	62.317760	  271.422593	  271.376800	    2.47	    5.42
    80.0	    1.86	62.323708	62.314490	  209.935908	  209.892400	    4.15	   12.65
    65.1	    0.89	62.342530	62.325180	  249.898292	  249.909320	    2.76	    6.19
   181.6	    2.46	62.351016	62.304640	  210.146146	  210.188900	    2.04	   10.69
    33.9	    0.78	62.403460	62.409430	  217.832942	  217.817250	    5.37	   13.46
    37.8	    0.51	62.418231	62.409500	  217.160857	  217.173420	    2.58	   15.60
    54.8	    0.74	62.433073	62.436520	  269.091806	  269.059750	    2.24	    9.67
    51.3	    0.69	62.443062	62.455820	  271.784231	  271.770480	    2.11	   12.63
    54.0	    0.73	62.446649	62.435530	  249.339741	  249.318010	    2.09	   12.97
    33.0	    0.75	62.453928	62.444980	  188.560926	  188.565110	    4.36	   15.51
    90.9	    1.20	62.483884	62.458680	  170.491413	  170.494740	    2.33	   20.47
   100.5	    1.37	62.494536	62.522310	  273.399236	  273.405610	    2.60	    9.50
    50.1	    1.15	62.510518	62.521580	  209.971161	  209.952900	    5.72	   15.08
    48.7	    0.83	62.529670	62.534930	  170.222923	  170.249950	    3.33	   24.63
    53.0	    1.24	62.587314	62.602000	  187.983064	  187.985140	    4.60	   12.08
    39.0	    0.73	62.608088	62.611760	  268.974492	  268.952330	    3.28	    4.10
    23.0	    0.76	62.610638	62.607860	  123.105454	  123.117980	   64.87	    3.24
    35.5	    0.47	62.612287	62.602650	  248.928798	  248.933440	    2.89	   16.66
   103.7	    1.40	62.702279	62.673590	  210.284622	  210.289950	    2.31	   12.10
     9.8	    0.22	62.718401	62.715740	  187.419432	  187.418260	    5.27	   18.47
    36.6	    0.50	62.735385	62.741120	  273.802686	  273.784390	    2.87	    9.85
    24.9	    0.46	62.741798	62.748190	  280.225431	  280.231170	    3.16	    7.59
     3.5	    0.07	62.767621	62.766950	  217.712812	  217.714360	    3.51	    6.82
    56.7	    1.06	62.786464	62.778490	  222.533198	  222.562910	    3.41	    8.93
   111.6	    1.53	62.833212	62.824270	  269.007616	  268.942630	    2.18	    3.81
    13.2	    0.40	62.880868	62.883330	  188.136269	  188.130330	    7.11	   14.35
    68.7	    0.93	62.882355	62.863810	  272.807643	  272.817470	    2.95	   12.12
    55.9	    1.03	62.897560	62.886140	  221.654123	  221.677200	    3.89	   11.31
    33.8	    0.97	62.943988	62.935540	  123.662492	  123.653440	    6.11	   17.73
    13.8	    0.45	62.981607	62.978300	  189.410724	  189.415050	   13.00	    6.27
    30.1	    0.40	63.106178	63.111150	  222.412275	  222.427120	    2.24	   13.98
    56.3	    1.83	63.142263	63.127900	  215.709371	  215.695710	    8.00	    7.01
   147.9	    1.99	63.159835	63.135210	  223.061261	  222.988450	    2.93	   14.81
    34.9	    1.12	63.194955	63.186470	  189.234062	  189.244450	   10.17	    8.12
    59.2	    0.81	63.196387	63.180660	  221.287299	  221.276570	    2.85	    8.83
    44.2	    1.44	63.198595	63.189890	  216.338316	  216.357500	   19.29	    6.90
   100.0	    1.35	63.214862	63.239350	  264.477601	  264.506650	    2.17	   10.75
   116.7	    1.57	63.229604	63.235840	  279.865909	  279.795290	    2.49	   13.28
    20.4	    0.27	63.233023	63.235660	  268.974299	  268.985410	    2.45	   13.36
    55.6	    0.67	63.266093	63.281370	  189.312909	  189.318050	    2.88	   39.74
    45.9	    1.34	63.313148	63.300500	  106.114935	  106.111450	    7.35	   16.33
    12.4	    0.20	63.352457	63.350660	  279.566001	  279.559450	    3.40	   31.34
    32.3	    0.78	63.492169	63.489520	  221.530552	  221.511340	    4.03	    6.56
    64.1	    0.87	63.495316	63.477790	  269.374132	  269.367000	    2.08	    9.21
   176.3	    2.39	63.526270	63.494190	  270.310068	  270.227080	    2.00	   10.33
    24.2	    0.77	63.560719	63.556380	  106.360242	  106.371780	    9.30	    9.18
   185.6	    2.51	63.584250	63.538810	  220.582790	  220.528150	    2.75	   11.77
    71.8	    0.98	63.587239	63.594300	  269.870086	  269.828120	    2.41	    7.59
   168.0	    2.29	63.592708	63.587430	  265.336439	  265.440670	    2.43	    5.80
   132.8	    2.49	63.602911	63.587430	  265.515975	  265.440670	    3.18	    5.80
    10.4	    0.34	63.604238	63.601420	  221.142091	  221.140590	   11.29	    5.51
   120.8	    2.26	63.605546	63.613930	  195.520851	  195.447750	    3.09	    6.57
    20.3	    0.66	63.605920	63.610570	  219.200479	  219.193330	    6.60	    5.88
   177.5	    2.35	63.609261	63.585280	  268.865558	  268.768680	    2.22	   18.79
   122.1	    1.65	63.621093	63.604330	  274.470997	  274.537350	    2.03	   13.16
    54.6	    1.32	63.623220	63.613930	  195.420733	  195.447750	    5.52	    6.57
    63.3	    1.52	63.711539	63.694130	  265.873597	  265.868010	    4.43	    7.43
    69.1	    0.94	63.722043	63.740560	  272.505858	  272.517360	    2.89	    6.84
    48.3	    0.65	63.728493	63.740250	  252.681529	  252.666900	    2.71	   13.30
   175.3	    2.36	63.755102	63.706800	  221.040047	  221.026310	    2.57	   14.17
    77.7	    1.02	63.775618	63.758190	  208.344482	  208.315630	    2.64	   22.77
     5.5	    0.07	63.776348	63.775640	  277.586269	  277.589320	    2.50	    9.42
    54.6	    0.74	63.818522	63.816510	  265.951850	  265.985900	    2.48	    9.18
    38.9	    0.66	63.823129	63.817430	  233.795709	  233.816540	    3.64	   26.60
    65.7	    0.90	63.826434	63.844390	  269.703536	  269.696140	    2.66	    3.57
   151.4	    2.00	63.841280	63.830930	  276.047739	  276.140200	    2.14	   20.12
    64.0	    0.87	63.845983	63.830220	  274.506846	  274.525540	    2.85	    7.86
    23.2	    0.77	63.852303	63.852490	  265.588128	  265.573490	    6.32	    4.38
    80.9	    1.89	63.871459	63.865020	  210.312432	  210.263530	    4.43	   12.35
    50.9	    0.96	63.885548	63.876820	  269.264863	  269.290100	    3.55	    5.05
   271.7	    4.75	63.885548	63.820490	  269.264863	  269.178040	    3.55	   21.52
   107.3	    1.37	63.891509	63.869030	  233.108341	  233.152760	    2.81	   28.24
     9.8	    0.32	63.911059	63.910360	  233.451365	  233.457380	   16.29	    6.56
    55.8	    0.74	63.917645	63.924160	  219.741573	  219.709560	    2.97	   19.31
   186.5	    2.53	63.924505	63.947070	  275.051157	  274.945040	    2.59	    9.93
    61.2	    1.21	64.040500	64.025900	  182.109616	  182.089770	    4.09	   29.28
    52.5	    0.71	64.048245	64.033820	  278.104953	  278.100130	    2.23	   12.54
    97.9	    1.82	64.050099	64.058920	  277.115881	  277.057100	    3.14	    9.44
    90.9	    1.24	64.078098	64.053080	  275.573640	  275.565640	    2.12	    8.42
   157.3	    2.14	64.100413	64.144080	  261.853219	  261.849550	    2.08	    9.62
    27.8	    0.52	64.103701	64.100990	  263.752524	  263.769100	    3.63	    8.64
    29.6	    0.55	64.159426	64.155820	  277.348470	  277.331540	    3.32	    6.10
    75.6	    1.04	64.163255	64.142600	  269.810651	  269.801850	    2.42	    3.05
    50.2	    0.95	64.169502	64.158570	  269.524658	  269.504790	    3.14	    2.64
    27.2	    0.88	64.173785	64.180220	  182.068178	  182.059070	    9.23	    7.00
    87.2	    1.18	64.182040	64.176690	  278.857864	  278.803620	    2.63	   13.16
    20.8	    0.67	64.244632	64.239010	  187.887514	  187.884480	   12.35	    8.15
   153.1	    2.06	64.271538	64.237940	  262.318417	  262.258420	    2.20	   13.73
    11.7	    0.39	64.348537	64.345890	  275.491322	  275.487000	   18.01	    1.34
    43.6	    1.04	64.364548	64.375440	  211.113581	  211.101390	    4.24	    8.05
    59.7	    1.11	64.391228	64.375440	  211.113223	  211.101390	    3.05	    8.05
    23.2	    0.57	64.403297	64.396860	  273.473986	  273.473450	    5.83	    1.70
    43.5	    0.78	64.420393	64.410500	  198.760480	  198.744400	    3.44	   16.51
   126.1	    1.71	64.445305	64.458310	  266.679777	  266.755190	    2.10	    9.65
    54.2	    0.73	64.445487	64.454790	  275.160860	  275.133390	    2.22	   13.49
    51.4	    0.70	64.480057	64.486240	  271.166277	  271.136380	    2.13	    6.23
    19.0	    0.44	64.498319	64.502550	  211.524736	  211.532060	    5.26	   14.13
   166.2	    2.24	64.512077	64.478810	  273.987355	  274.061710	    2.17	   12.83
   169.1	    2.28	64.575435	64.617530	  274.171506	  274.122890	    2.37	   12.66
    22.7	    0.74	64.580258	64.576870	  198.615094	  198.602680	   16.08	    7.20
   176.9	    2.41	64.646630	64.637850	  277.991876	  278.104740	    2.65	    6.47
   125.2	    1.68	64.651920	64.672780	  265.914350	  265.849300	    2.40	   15.92
    71.6	    0.98	64.667947	64.648360	  269.188146	  269.180080	    2.00	    3.98
    56.7	    0.77	64.668544	64.683190	  268.252538	  268.239010	    2.46	    5.12
   259.7	    3.52	64.668544	64.646030	  268.252538	  268.412630	    2.46	   11.24
    84.4	    1.14	64.673561	64.654680	  274.585895	  274.553380	    2.65	   13.57
    85.8	    1.55	64.687434	64.672780	  265.893256	  265.849300	    3.05	   15.92
    63.0	    0.85	64.710802	64.716380	  265.123127	  265.084260	    2.03	   11.18
    95.8	    1.30	64.826003	64.829260	  278.192494	  278.130370	    2.14	   10.27
    26.7	    0.89	64.841522	64.838150	  276.278395	  276.293950	   12.30	    1.38
   112.1	    1.51	64.846734	64.819600	  265.619906	  265.655820	    2.61	   12.84
    89.0	    1.65	64.852050	64.829260	  278.107799	  278.130370	    3.14	   10.27
   140.2	    1.87	64.867648	64.867160	  268.618926	  268.527220	    2.66	   17.25
    54.6	    0.74	64.870885	64.855710	  266.479987	  266.480290	    2.65	    7.54
    43.3	    0.59	64.875286	64.885800	  275.566565	  275.552800	    2.27	    8.75
   135.9	    1.84	64.883338	64.869740	  264.301542	  264.384460	    2.10	   11.28
    98.3	    1.31	64.892735	64.867160	  268.549722	  268.527220	    2.60	   17.25
    46.2	    0.63	64.990556	64.989980	  268.014873	  267.984530	    2.11	    8.09
    46.7	    0.64	64.994462	65.002000	  265.007152	  264.982180	    2.78	    3.85
    28.3	    0.94	65.015754	65.022000	  129.811246	  129.799930	   40.50	    3.83
   127.7	    1.74	65.024340	64.989980	  268.005414	  267.984530	    2.05	    8.09
   159.8	    2.16	65.040730	65.029790	  263.128807	  263.026860	    2.60	   12.87
    41.1	    1.00	65.042408	65.041530	  264.087663	  264.060670	    5.36	    2.06
   123.5	    1.65	65.050539	65.072440	   67.658651	   67.721310	    2.81	   16.03
    51.1	    0.70	65.082932	65.074810	  274.230185	  274.202550	    2.40	    5.38
   112.3	    1.53	65.100192	65.113020	  262.578789	  262.511260	    2.93	    8.80
    57.4	    1.08	65.126573	65.117710	  272.872902	  272.904420	    3.56	    4.39
    45.7	    0.62	65.127561	65.123100	  273.854082	  273.825840	    2.29	   11.52
    38.2	    0.52	65.138600	65.129240	  265.297025	  265.308960	    2.35	    7.88
    60.5	    0.83	65.150569	65.159110	  264.486487	  264.520940	    2.21	    5.10
    61.5	    0.84	65.155716	65.155030	  273.358452	  273.399050	    2.11	    9.26
    20.5	    0.39	65.157629	65.156810	  276.182289	  276.195710	    3.24	    1.82
   102.6	    1.40	65.158213	65.133240	  270.534572	  270.501920	    2.15	    8.11
    36.1	    0.68	65.182490	65.176330	  274.986230	  274.967350	    3.18	    3.92
    19.3	    0.36	65.188298	65.193170	  277.930104	  277.935460	    3.37	    5.16
    33.9	    0.45	65.215941	65.223300	  114.080013	  114.094030	    2.28	   20.44
   106.5	    1.45	65.289563	65.303760	  274.754850	  274.692720	    2.35	    7.62
   188.8	    2.55	65.313685	65.355520	  194.703133	  194.627320	    2.83	   12.36
   148.3	    2.03	65.343336	65.321620	  274.998845	  275.082730	    2.88	    2.56
    51.8	    1.26	65.344642	65.330910	  268.784610	  268.774260	    4.82	    1.69
    43.6	    1.35	65.366965	65.355520	  194.617725	  194.627320	    6.20	   12.36
     7.5	    0.14	65.444922	65.446000	  278.765672	  278.769960	    3.92	    5.58
    40.2	    0.54	65.504335	65.496700	  262.275439	  262.255830	    2.76	   10.00
    98.7	    1.33	65.508520	65.490980	  194.273940	  194.223110	    2.66	   14.22
    27.6	    0.38	65.511904	65.509170	  273.587123	  273.604400	    2.71	    9.25
   101.0	    1.36	65.538167	65.558050	  256.828996	  256.876860	    2.06	   13.05
    20.7	    0.68	65.568916	65.566380	   75.763915	   75.776390	   17.85	    5.55
    89.6	    1.23	65.570278	65.556610	  263.276468	  263.226200	    2.81	    4.24
    52.3	    0.69	65.580134	65.570910	  256.526187	  256.499020	    2.84	   21.39
    19.9	    0.62	65.587254	65.591280	  114.097590	  114.106800	    8.74	   11.90
    27.7	    0.61	65.614082	65.609940	  175.385231	  175.369490	    5.85	   19.32
    45.3	    0.62	65.627097	65.638980	  273.435085	  273.445160	    2.88	    2.82
    74.3	    1.01	65.631146	65.611670	  271.206727	  271.190120	    2.42	    9.07
    21.6	    0.40	65.635543	65.630050	  271.709982	  271.715790	    3.21	    8.60
   190.7	    2.60	65.653927	65.645690	  270.343935	  270.470830	    2.09	    7.88
    30.1	    0.55	65.664854	65.664610	  114.270977	  114.250700	    3.83	   14.91
    12.4	    0.40	65.676948	65.675260	  113.797427	  113.790100	    9.31	    8.09
    68.0	    0.93	65.718114	65.709850	  277.965337	  278.006650	    2.46	    5.00
    31.1	    1.03	65.719460	65.720260	  243.508638	  243.487730	   18.66	    1.60
    55.9	    0.76	65.768799	65.783940	  273.281007	  273.289280	    2.92	    4.61
    78.9	    1.03	65.777855	65.792820	  325.740058	  325.701020	    2.34	   22.86
    24.5	    0.33	65.789789	65.790510	  277.065008	  277.081510	    2.64	    9.13
    15.0	    0.49	65.801446	65.798030	  174.998335	  174.992540	   25.89	    5.38
   113.5	    2.14	65.808111	65.808050	  270.901273	  270.978240	    3.37	    3.19
    14.6	    0.20	65.808411	65.808050	  270.988077	  270.978240	    2.62	    3.19
    18.2	    0.55	65.849485	65.854010	  127.744812	  127.739290	   19.64	   13.47
    42.2	    1.31	65.849485	65.838010	  127.744812	  127.750780	   19.64	   11.98
   173.5	    2.37	65.859329	65.822370	  276.737440	  276.812990	    2.06	    6.88
   117.9	    1.56	65.902611	65.935350	  270.311379	  270.313350	    2.27	   18.76
    48.6	    0.89	65.906807	65.919490	  174.280064	  174.291490	    3.77	   13.49
    57.9	    1.09	65.995609	65.991540	  275.386557	  275.348330	    3.53	    4.60
   176.6	    2.40	66.004505	66.027570	  271.224847	  271.331360	    2.88	   10.21
     8.7	    0.11	66.009510	66.007120	  274.096731	  274.097410	    2.77	   27.42
    49.8	    0.68	66.028935	66.017840	  264.291311	  264.271030	    2.40	    6.82
    27.0	    0.83	66.037415	66.041400	  127.180395	  127.164790	    7.60	   12.22
    34.3	    0.46	66.049353	66.049690	  260.945187	  260.968630	    2.22	   11.66
    49.3	    0.68	66.082815	66.094580	  270.697948	  270.715270	    2.51	    2.46
    50.3	    1.09	66.106674	66.096540	  325.712872	  325.736570	    4.01	   21.32
    46.8	    0.88	66.113198	66.112560	  265.793096	  265.761020	    3.27	    2.95
    58.1	    1.41	66.124905	66.112560	  265.735293	  265.761020	    4.04	    2.95
    50.9	    0.96	66.199359	66.193470	  274.705231	  274.737060	    3.56	    2.89
    51.2	    0.70	66.229502	66.231620	  268.489560	  268.524440	    2.43	    2.78
    65.5	    1.48	66.264384	66.249390	  235.263219	  235.288850	    4.84	   16.70
    57.3	    1.05	66.298795	66.284490	   75.405182	   75.422490	    3.38	   12.68
    18.8	    0.35	66.342369	66.342420	  275.123305	  275.136320	    3.24	    9.13
   156.0	    2.47	66.342369	66.303830	  275.123305	  275.073940	    3.24	   34.43
    21.6	    0.52	66.346255	66.343790	   73.501444	   73.515070	    5.81	    6.42
    79.9	    1.09	66.361021	66.342090	  272.401649	  272.372710	    2.81	    7.36
   232.8	    3.13	66.361021	66.327810	  272.401649	  272.539920	    2.81	   14.58
    18.2	    0.25	66.366746	66.364040	  187.573797	  187.584460	    2.82	   12.72
   296.5	    3.94	66.366746	66.329020	  187.573797	  187.391300	    2.82	   18.48
    98.7	    1.35	66.397366	66.420800	  268.198162	  268.233730	    2.69	    3.29
    35.9	    0.67	66.409357	66.399600	  270.310358	  270.315670	    3.05	    6.06
   273.5	    5.08	66.409357	66.375190	  270.310358	  270.479770	    3.05	    9.63
    88.2	    1.59	66.416328	66.436800	  234.214701	  234.181020	    3.75	   16.18
    78.7	    1.07	66.424150	66.407570	  270.785828	  270.750180	    2.15	   11.09
   106.9	    2.27	66.434270	66.458910	  123.762728	  123.804260	    8.06	   36.22
    28.5	    0.87	66.434270	66.427090	  123.762728	  123.754400	    8.06	   12.97
    30.3	    0.71	66.461404	66.464690	  235.881054	  235.900480	    4.01	   11.87
    73.0	    0.98	66.461789	66.446700	  240.622358	  240.656270	    2.77	   13.96
    66.7	    0.91	66.468328	66.486850	  269.934653	  269.936400	    2.10	    3.08
   287.8	    3.92	66.468328	66.417310	  269.934653	  270.088620	    2.10	    7.72
    45.4	    0.62	66.468983	66.481180	  273.446092	  273.438080	    2.58	    4.77
   227.6	    3.10	66.484564	66.522560	  270.435339	  270.308560	    2.33	    7.31
   130.2	    1.78	66.484564	66.483510	  270.435339	  270.525940	    2.33	    6.41
   131.2	    1.75	66.488082	66.522030	  277.705396	  277.672120	    2.16	   16.46
    69.4	    0.94	66.514277	66.528360	  269.297417	  269.330510	    2.46	   12.65
   133.5	    1.80	66.554495	66.528360	  269.396596	  269.330510	    2.26	   12.65
    25.7	    0.57	66.585001	66.588800	  189.262419	  189.277630	    4.72	   18.10
    13.1	    0.18	66.592305	66.592280	  271.822616	  271.831790	    2.72	    2.81
    17.2	    0.24	66.621351	66.617070	  261.236955	  261.231540	    2.27	    6.04
    74.9	    1.00	66.622033	66.601300	  240.708902	  240.704800	    2.61	   17.87
    87.5	    1.18	66.625223	66.646440	  268.843015	  268.813140	    2.79	   11.28
   198.9	    2.71	66.625223	66.570330	  268.843015	  268.827300	    2.79	    8.71
    53.8	    0.74	66.651656	66.650490	  271.394411	  271.356810	    2.49	    4.54
    36.6	    0.89	66.653483	66.644300	  270.456154	  270.445160	    4.88	    1.19
    75.0	    1.02	66.710058	66.722480	  272.538049	  272.580350	    2.41	   10.46
    77.3	    1.06	66.710942	66.723370	  261.639933	  261.684200	    2.51	    4.81
    54.1	    0.66	66.737126	66.732600	   73.557695	   73.594000	    2.69	   38.18
   190.5	    2.57	66.746552	66.799390	  252.964844	  252.957240	    2.37	   13.35
    47.8	    0.64	66.746552	66.736190	  252.964844	  252.985870	    2.37	   12.97
    25.0	    0.83	66.798913	66.803180	  240.435379	  240.421450	   24.53	    1.70
    78.0	    1.05	66.839564	66.817950	  253.796562	  253.800250	    2.44	   14.43
    34.9	    1.13	66.859974	66.858740	  150.527706	  150.503230	    9.52	    6.92
   189.8	    2.60	66.860314	66.901470	  270.423865	  270.339940	    2.56	    1.48
   293.8	    4.01	66.860314	66.842240	  270.423865	  270.626340	    2.56	    6.66
    71.1	    0.97	66.893859	66.887030	  279.924898	  279.877660	    2.61	    8.83
    82.0	    1.12	66.906726	66.889280	  280.808163	  280.845520	    2.53	    8.05
   170.9	    1.95	66.906726	66.869090	  280.808163	  280.734470	    2.53	   48.35
   116.7	    1.59	66.941300	66.909510	  275.499698	  275.483430	    2.18	    6.70
    10.4	    0.14	66.955923	66.953700	  261.021825	  261.026550	    2.05	   15.47
    48.1	    0.65	66.967204	66.970120	  273.787249	  273.820590	    2.21	   10.04
    58.1	    0.78	66.997253	67.009920	  264.161881	  264.136260	    2.03	   15.12
    79.7	    1.08	67.027192	67.016690	  262.366580	  262.416500	    2.30	   12.22
    71.7	    0.98	67.053300	67.035120	  266.823368	  266.844270	    2.05	    5.80
   234.2	    3.18	67.053300	67.009090	  266.823368	  266.945620	    2.05	    9.99
    15.1	    0.49	67.053756	67.056230	  149.616870	  149.625530	    8.27	    7.46
    70.2	    0.95	67.072694	67.056080	  150.848443	  150.874600	    2.31	   12.02
    58.1	    1.07	67.115967	67.106430	  227.696501	  227.729950	    3.11	   12.69
   252.6	    4.62	67.115967	67.047910	  227.696501	  227.652730	    3.11	   13.34
   139.9	    1.91	67.137328	67.113640	  276.578496	  276.657710	    2.67	    4.73
    79.4	    1.08	67.143353	67.128690	  273.484517	  273.442080	    2.10	    6.76
   284.0	    3.84	67.148014	67.204550	  278.377449	  278.235660	    2.58	   11.93
   181.9	    2.48	67.148014	67.169550	  278.377449	  278.495210	    2.58	    7.52
   202.0	    2.74	67.168300	67.194650	  275.311560	  275.439330	    2.46	   11.09
    66.2	    0.90	67.168300	67.186180	  275.311560	  275.322660	    2.46	    9.12
    10.2	    0.25	67.170658	67.167960	  150.781575	  150.783740	    6.53	   26.48
    26.8	    0.65	67.183777	67.180650	  264.953743	  264.936340	    4.28	    3.60
   179.1	    2.34	67.200610	67.243730	  267.916643	  267.980680	    2.91	   22.96
   256.8	    3.24	67.200610	67.195940	  267.916643	  267.733000	    2.91	   30.76
   239.3	    3.26	67.200610	67.168830	  267.916643	  267.766080	    2.91	    7.33
    47.9	    1.15	67.276264	67.276250	  186.774842	  186.740430	    4.47	    6.39
    30.0	    0.40	67.283647	67.285180	  227.143474	  227.164700	    2.88	   20.56
   126.9	    1.72	67.319349	67.335820	  270.528921	  270.448030	    2.33	   10.87
   248.9	    3.38	67.338797	67.378040	  279.082553	  279.230440	    2.04	   10.07
   117.9	    1.61	67.338797	67.318680	  279.082553	  279.149570	    2.04	    6.57
   116.9	    1.60	67.358842	67.328410	  275.947929	  275.977290	    2.33	    5.98
   167.7	    2.27	67.386626	67.405630	  271.207102	  271.096470	    2.55	   10.73
   222.2	    3.00	67.386626	67.328040	  271.207102	  271.257600	    2.55	   12.12
   187.2	    2.54	67.398811	67.419000	  263.693352	  263.568630	    2.14	   10.69
     7.4	    0.18	67.398853	67.398280	  288.155047	  288.149930	    5.81	    8.68
   174.2	    2.37	67.426854	67.464250	  270.776906	  270.696840	    2.67	    7.74
    31.5	    0.43	67.455523	67.464250	  270.695733	  270.696840	    2.55	    7.74
   169.2	    2.31	67.463196	67.436350	  269.720147	  269.619540	    2.51	    4.37
    43.8	    0.82	67.501734	67.489590	  271.065593	  271.067170	    3.90	    7.85
   185.1	    2.48	67.524942	67.551130	  262.160749	  262.276550	    2.55	   16.22
    66.8	    0.91	67.524942	67.542900	  262.160749	  262.148530	    2.55	    7.72
    51.1	    0.69	67.527727	67.520550	  279.854760	  279.886810	    2.10	   12.43
   136.2	    1.84	67.535757	67.572570	  270.043135	  270.066130	    2.47	   11.72
    60.0	    1.11	67.551393	67.542240	  288.615928	  288.652440	    3.22	    9.67
    67.1	    1.26	67.586763	67.581450	  270.387271	  270.340390	    3.48	    6.54
    66.2	    0.91	67.616278	67.598290	  272.180661	  272.170530	    2.52	    3.86
   101.6	    1.39	67.623510	67.644830	  268.238577	  268.190030	    2.12	    6.00
    18.5	    0.62	67.623990	67.622510	  266.528419	  266.541350	    6.02	    1.70
    58.2	    0.79	67.626086	67.613070	  213.006995	  212.981860	    2.26	   10.43
    89.3	    1.22	67.635509	67.657060	  269.893915	  269.926210	    2.70	    4.62
   126.3	    1.71	67.635509	67.608340	  269.893915	  269.835660	    2.70	    9.81
   224.5	    3.06	67.635509	67.643830	  269.893915	  270.056400	    2.70	    7.10
    56.5	    0.76	67.635699	67.629160	  271.272485	  271.309940	    2.46	   14.14
    39.9	    0.54	67.639769	67.647410	  206.265595	  206.244510	    2.98	   11.64
    30.0	    1.00	67.643162	67.635270	  270.875071	  270.868130	   20.50	    1.13
   156.3	    2.14	67.660202	67.657060	  270.040139	  269.926210	    2.11	    4.62
    63.0	    0.86	67.660202	67.643830	  270.040139	  270.056400	    2.11	    7.10
     7.5	    0.14	67.684783	67.684210	  289.129421	  289.124180	    3.74	    8.29
    20.5	    0.65	67.689005	67.692930	  287.630813	  287.619930	   13.18	   10.52
   280.4	    3.84	67.692311	67.731210	  227.085697	  226.907810	    3.74	   50.35
    94.7	    1.76	67.692311	67.713510	  227.085697	  227.126720	    3.74	    9.69
    10.1	    0.25	67.693664	67.690880	  274.620778	  274.621800	    5.62	    1.90
    60.0	    1.13	67.737884	67.722090	  269.568955	  269.554990	    3.24	    3.86
    33.7	    0.46	67.751036	67.743180	  272.216063	  272.202610	    2.95	    8.30
   129.1	    1.76	67.808628	67.787340	  279.303966	  279.227600	    2.40	    8.07
    22.3	    0.30	67.813966	67.808560	  263.005695	  263.013730	    2.60	   10.69
   260.1	    3.47	67.826685	67.893890	  261.991091	  262.061430	    2.54	   17.25
    69.2	    0.94	67.826685	67.813140	  261.991091	  261.954990	    2.54	   10.84
   133.9	    2.47	67.829355	67.857990	  277.395937	  277.333040	    3.11	   11.16
    60.8	    1.14	67.829355	67.819180	  277.395937	  277.431610	    3.11	    4.78
    91.7	    1.39	67.831030	67.838950	  287.599634	  287.535490	    3.83	   39.52
    18.2	    0.54	67.859013	67.854760	   56.827545	   56.834860	    6.84	   16.02
    56.4	    0.76	67.864881	67.877670	  268.917845	  268.941830	    2.39	   10.21
     5.8	    0.14	67.901703	67.903290	  271.055475	  271.056090	    5.08	    3.97
    44.1	    1.04	67.915800	67.903580	  288.588077	  288.585600	    4.46	   11.07
    44.3	    0.60	67.930569	67.924940	  269.181729	  269.210820	    2.38	   14.21
    72.1	    0.98	67.973916	67.981710	  279.848981	  279.799800	    2.82	   11.63
    68.1	    0.93	68.020674	68.003680	  265.651464	  265.673610	    2.85	    7.39
    49.3	    0.90	68.031338	68.021210	  221.949860	  221.974530	    3.64	   13.64
   116.1	    1.54	68.067819	68.050520	  264.162415	  264.089540	    2.69	   18.21
    31.3	    0.75	68.068699	68.060200	  268.677098	  268.672360	    4.63	    5.94
   261.0	    6.90	68.082473	68.091830	   56.501780	   56.694430	    6.04	   23.08
    25.5	    0.78	68.082473	68.081480	   56.501780	   56.482970	    6.04	   12.83
   232.4	    6.92	68.082473	68.051960	   56.501780	   56.349440	    6.04	   15.13
    33.7	    0.81	68.092021	68.085370	  223.513675	  223.496030	    4.13	    6.91
    94.2	    2.22	68.096368	68.082260	  156.142366	  156.083330	    4.17	   11.17
    40.6	    0.86	68.099517	68.091830	   56.716595	   56.694430	    4.78	   23.08
   142.1	    2.68	68.124788	68.162710	  273.870134	  273.840790	    3.28	    0.00
    61.5	    1.16	68.124788	68.108880	  273.870134	  273.853450	    3.28	    3.95
    79.8	    1.09	68.131705	68.118970	  269.009680	  269.058410	    2.28	    2.73
     3.6	    0.11	68.158451	68.159020	  315.415979	  315.418210	    8.52	   12.35
    30.0	    0.40	68.181120	68.174190	  223.703903	  223.691500	    2.57	   17.65
   132.4	    1.81	68.370129	68.341610	  264.176352	  264.113430	    2.95	    3.58
   192.5	    2.59	68.400509	68.442800	  272.732785	  272.643830	    2.03	   13.76
    64.5	    1.21	68.425007	68.407090	  274.445302	  274.443450	    3.12	    5.67
    40.8	    0.74	68.425901	68.414650	  222.615096	  222.611240	    3.15	   15.97
   150.9	    2.00	68.468979	68.431100	  157.561138	  157.609950	    2.39	   18.83
   150.0	    2.04	68.529914	68.492770	  269.701460	  269.649900	    2.33	    8.97
    18.3	    0.25	68.571162	68.574030	  263.338590	  263.327120	    2.84	   11.77
     5.3	    0.11	68.584731	68.586090	  156.007160	  156.005620	    5.20	   26.97
     7.0	    0.13	68.596385	68.596570	  270.035566	  270.040860	    3.88	    1.17
     1.5	    0.05	68.607179	68.607400	  266.752411	  266.751400	    9.39	    1.69
    42.3	    0.57	68.616641	68.628370	  275.542554	  275.541200	    2.55	   10.84
    51.7	    0.97	68.626229	68.612660	  278.116660	  278.129550	    3.08	    6.50
    54.9	    0.75	68.630618	68.623990	  272.483096	  272.445400	    2.69	    6.57
    35.5	    0.49	68.680408	68.689650	  269.382467	  269.392000	    2.49	    3.15
    17.0	    0.41	68.698490	68.703150	  267.163500	  267.161380	    5.34	    3.75
   176.2	    2.38	68.762223	68.718240	  261.069909	  261.010680	    2.06	   12.31
    25.1	    0.84	68.762939	68.756240	  264.234498	  264.239930	   11.77	    1.23
   124.5	    1.66	68.777920	68.754410	  263.644792	  263.714840	    2.62	   16.33
    30.5	    0.70	68.781581	68.776640	  150.736825	  150.755810	    6.90	   31.28
    14.3	    0.35	68.805972	68.802030	  278.145588	  278.146760	    5.60	    4.70
    51.8	    0.98	68.831019	68.823140	  269.231402	  269.264740	    3.35	    3.44
    31.2	    0.42	68.837134	68.829120	  266.592242	  266.583130	    2.27	   17.22
    45.3	    0.83	68.936357	68.923790	  288.621399	  288.619480	    3.01	   13.81
    59.0	    1.07	68.967053	68.952560	  264.130685	  264.109380	    3.36	   15.12
    50.1	    1.62	68.971383	68.963070	  111.658351	  111.627240	    9.83	    7.45
    80.2	    1.70	68.977321	68.992070	  150.590803	  150.637310	    6.08	   36.47
   154.8	    2.01	69.039240	69.040360	  264.625647	  264.505490	    2.32	   24.11
    55.0	    1.33	69.048334	69.051910	  279.815647	  279.857150	    5.83	    4.29
    12.0	    0.39	69.065019	69.063810	  149.458828	  149.467560	   19.94	    7.55
    11.8	    0.39	69.067303	69.064030	  148.886638	  148.886260	   26.64	    2.06
    20.4	    0.61	69.069577	69.063940	  287.083218	  287.084930	    7.40	   14.70
     7.7	    0.25	69.091810	69.092400	  185.178855	  185.184620	    9.86	    4.16
    73.7	    1.00	69.093921	69.084720	  277.440309	  277.389040	    2.32	    7.90
    73.1	    0.99	69.096525	69.109620	  269.536505	  269.580050	    2.04	   11.02
   131.2	    1.74	69.096525	69.103430	  269.536505	  269.436220	    2.04	   19.55
    53.6	    1.13	69.118516	69.103850	  286.407998	  286.400790	    4.43	   24.20
   178.9	    2.44	69.143489	69.097700	  276.391429	  276.445680	    2.57	    5.56
    10.3	    0.34	69.147931	69.146030	  286.780685	  286.774720	    8.09	    4.93
    26.8	    0.50	69.215558	69.222840	  270.115185	  270.119570	    3.60	   10.45
    10.9	    0.20	69.227081	69.229810	  277.264282	  277.267910	    3.92	    9.43
   103.1	    1.40	69.235844	69.229810	  277.188943	  277.267910	    2.17	    9.43
   190.1	    2.56	69.237853	69.209530	  269.380038	  269.254360	    2.09	   13.07
    61.5	    1.14	69.239912	69.230990	  288.205619	  288.164520	    3.11	    9.74
   130.0	    1.76	69.241034	69.222840	  270.207547	  270.119570	    2.82	   10.45
    23.7	    0.76	69.254382	69.257130	  184.357828	  184.374760	    8.44	    9.15
    60.4	    0.80	69.258816	69.250000	  182.977321	  183.017650	    2.80	   20.86
    49.3	    0.93	69.311568	69.305230	  266.392737	  266.358400	    3.46	    3.93
    21.6	    0.72	69.312810	69.308830	  208.282128	  208.269390	   31.70	    1.44
    57.3	    0.98	69.392743	69.389480	  190.672488	  190.628200	    3.31	   24.33
   134.4	    1.82	69.424409	69.461370	  231.976360	  231.961330	    2.65	   10.67
    57.3	    0.78	69.455310	69.439610	  263.031560	  263.024200	    2.24	    9.08
   122.1	    2.25	69.503065	69.536880	  231.818652	  231.826580	    3.31	   11.87
   234.4	    4.34	69.503065	69.461370	  231.818652	  231.961330	    3.31	   10.67
   289.4	    5.46	69.575484	69.626360	  269.511902	  269.690490	    3.15	    0.00
    41.1	    0.77	69.575484	69.573380	  269.511902	  269.479740	    3.15	    4.52
    65.9	    1.24	69.584928	69.573380	  269.438984	  269.479740	    3.09	    4.52
    54.0	    0.73	69.603251	69.608330	  265.602539	  265.562040	    2.83	    8.84
    10.0	    0.13	69.643623	69.642440	  233.188101	  233.180920	    2.97	   10.65
   137.1	    1.84	69.653422	69.635250	  270.630965	  270.534760	    2.07	   14.14
   150.1	    2.05	69.660239	69.642190	  270.144886	  270.036800	    2.21	    6.99
    10.7	    0.14	69.661945	69.661260	  273.575823	  273.567500	    2.63	   15.69
    70.3	    1.16	69.662560	69.680740	  191.554217	  191.574830	    3.24	   29.80
    74.2	    0.98	69.664455	69.654110	  148.200255	  148.148970	    2.85	   18.93
    15.1	    0.50	69.670196	69.666290	  293.080543	  293.084930	    8.29	    3.12
   186.0	    2.36	69.680163	69.680740	  191.426038	  191.574830	    2.47	   29.80
    17.6	    0.58	69.681889	69.677410	  148.968007	  148.962430	   38.33	    4.84
    18.7	    0.62	69.683864	69.679720	  272.467805	  272.476780	    7.49	    2.05
   288.2	    3.94	69.689688	69.751410	  271.520241	  271.373110	    2.78	    4.44
    55.6	    0.76	69.689688	69.674360	  271.520241	  271.514770	    2.78	    5.92
    80.3	    1.48	69.725529	69.730540	  199.485254	  199.547960	    3.16	   10.97
    16.4	    0.38	69.769743	69.773700	  183.924052	  183.930600	    4.90	   15.24
    92.8	    1.27	69.809375	69.808970	  268.608061	  268.533360	    2.67	    5.08
   136.8	    1.84	69.813301	69.791880	  267.532674	  267.623570	    2.69	   13.73
    76.2	    1.00	69.819093	69.831090	  232.490464	  232.439940	    2.37	   20.37
    13.7	    0.45	69.824092	69.823300	  271.719723	  271.708950	   12.95	    2.07
    15.6	    0.52	69.831728	69.830460	  143.631421	  143.619380	   28.10	    1.80
    23.7	    0.32	69.905765	69.899460	  272.208074	  272.213530	    2.34	   12.20
    66.1	    0.89	69.920286	69.938590	  293.433832	  293.438350	    2.37	   14.19
    92.7	    1.24	69.920670	69.945120	  174.733543	  174.709880	    2.67	   15.66
    22.1	    0.30	69.924500	69.930500	  262.852423	  262.848510	    2.13	    9.47
    38.2	    1.09	69.940664	69.942610	  232.044385	  232.013990	    7.82	   17.92
    60.6	    0.82	69.948900	69.949820	  266.388784	  266.339750	    2.40	   10.23
   117.7	    1.45	69.975335	69.951530	  174.242209	  174.176770	    2.99	   34.90
   171.9	    2.19	69.989988	69.957630	  173.136383	  173.033860	    2.65	   28.78
   101.7	    1.38	69.996412	69.977340	  266.775054	  266.714170	    2.32	    9.71
    24.8	    0.34	70.001947	70.003810	  272.053634	  272.073000	    2.02	   11.15
    83.5	    2.48	70.073664	70.059360	  200.046713	  199.993150	    6.97	   15.37
    22.2	    0.54	70.087381	70.087480	  190.898029	  190.916140	    5.40	    5.75
    49.8	    0.68	70.094180	70.105940	  271.339800	  271.318360	    2.25	    5.50
     5.4	    0.18	70.096290	70.097560	  267.134759	  267.137150	    7.66	    2.98
    31.3	    0.43	70.097590	70.097950	  265.009868	  264.984380	    2.92	    6.70
   136.7	    1.84	70.114740	70.144690	  267.290777	  267.359470	    2.58	   14.11
   198.1	    2.71	70.114740	70.097560	  267.290777	  267.137150	    2.58	    2.98
    20.2	    0.67	70.153236	70.158750	  174.113349	  174.110440	   70.88	    0.97
    89.5	    1.22	70.273466	70.257820	  266.066293	  266.009120	    2.26	    5.26
    15.6	    0.29	70.273789	70.269740	  267.074708	  267.079190	    3.45	    5.41
    39.0	    0.73	70.277998	70.267210	  272.705894	  272.703400	    3.01	    4.13
    37.3	    0.89	70.285483	70.280130	  268.508716	  268.482420	    4.76	    8.49
   229.7	    3.07	70.371754	70.397780	  282.548282	  282.374760	    2.46	   16.29
    92.5	    1.21	70.371754	70.346070	  282.548282	  282.546880	    2.46	   22.09
    79.3	    1.07	70.433535	70.452980	  266.089153	  266.058200	    2.14	   12.20
   196.8	    2.66	70.433535	70.445840	  266.089153	  266.248230	    2.14	   11.21
    43.1	    0.58	70.488050	70.498160	  282.756956	  282.737790	    2.07	   12.63
    52.3	    1.25	70.518804	70.526070	  248.658929	  248.621220	    5.64	    7.74
    23.3	    0.78	70.558094	70.561020	  269.286354	  269.303680	    8.53	    1.27
    20.2	    0.66	70.567269	70.563970	  322.177762	  322.164150	    6.18	    6.40
    20.9	    0.28	70.623938	70.629630	  323.219556	  323.222930	    2.74	   14.15
    59.1	    0.80	70.680331	70.670140	  249.700460	  249.661590	    2.98	    9.26
    71.7	    0.98	70.715977	70.698460	  284.865383	  284.894130	    2.63	    7.59
    21.5	    0.72	70.763966	70.760320	  267.589950	  267.604310	   11.44	    1.75
    37.6	    0.70	70.783697	70.788160	  322.975965	  322.947270	    3.22	    8.14
   190.5	    2.50	70.797988	70.751490	  285.320642	  285.397400	    2.20	   21.81
    12.1	    0.29	70.905504	70.904870	  111.393945	  111.383830	    5.29	    5.77
   160.5	    2.19	70.948054	70.941540	  257.492782	  257.357700	    2.96	    7.96
   218.4	    6.79	70.950390	71.005140	  257.338840	  257.258580	    7.06	   11.67
    38.8	    1.25	70.950390	70.941540	  257.338840	  257.357700	    7.06	    7.96
    51.8	    0.93	70.953599	70.959500	  256.075599	  256.115780	    3.87	   16.07
    48.9	    0.89	70.966149	70.958850	  278.570029	  278.534910	    3.05	   15.02
     8.8	    0.21	70.966826	70.964830	  191.535868	  191.531490	    4.65	    9.35
   151.8	    2.06	70.970230	70.978720	  258.046785	  258.173460	    2.48	   11.02
    24.6	    0.58	71.000043	71.005140	  257.244646	  257.258580	    5.24	   11.67
   248.9	    5.96	71.000043	70.941540	  257.244646	  257.357700	    5.24	    7.96
    63.5	    0.87	71.002994	70.988920	  109.709498	  109.742160	    2.92	    7.56
    11.1	    0.35	71.038815	71.035750	   93.913822	   93.914630	    6.01	   11.09
    22.2	    0.72	71.130299	71.128210	  258.127685	  258.145600	   11.54	    6.19
    87.8	    1.76	71.130643	71.125270	  171.917483	  171.843900	    4.88	   28.40
    38.4	    0.91	71.139555	71.144780	  177.785482	  177.756740	    4.95	    8.89
    39.7	    0.73	71.162053	71.151390	  110.205871	  110.214530	    3.08	   10.53
    56.9	    1.02	71.188905	71.187640	  231.627824	  231.676700	    3.03	   16.91
    67.3	    2.13	71.189423	71.184110	  257.840171	  257.895720	    9.86	    9.80
    77.3	    1.77	71.206710	71.186010	  204.170177	  204.188030	    4.61	   14.83
    24.3	    0.59	71.245852	71.246940	  199.431485	  199.410780	    4.31	    3.95
   152.7	    2.07	71.295704	71.324930	  191.508206	  191.604140	    2.80	   11.50
    16.2	    0.38	71.300784	71.304470	  213.486632	  213.494740	    8.03	   29.94
    54.4	    1.00	71.345762	71.347970	  256.139991	  256.186740	    3.15	   13.35
    23.6	    0.78	71.347749	71.342070	  110.461739	  110.472060	   11.89	    5.17
   132.6	    2.28	71.407601	71.418140	  176.987039	  177.097790	    3.20	   23.67
    19.2	    0.36	71.418392	71.414580	  257.331514	  257.343200	    3.71	   10.40
   138.3	    1.80	71.452043	71.418140	  177.154541	  177.097790	    2.19	   23.67
    40.4	    0.75	71.540822	71.552020	  176.846167	  176.848920	    3.28	    7.74
    53.6	    1.00	71.575008	71.580350	  179.945121	  179.901170	    3.16	    6.33
    27.4	    0.67	71.630976	71.638160	  256.191025	  256.199040	    4.63	    2.97
    40.2	    0.72	71.662286	71.651520	  256.639705	  256.648960	    3.57	   18.31
    14.9	    0.48	71.667842	71.671050	  224.773102	  224.781400	   10.49	    7.39
    36.9	    0.89	71.674934	71.667230	  178.960322	  178.938780	    4.35	    6.68
     5.6	    0.19	71.688631	71.690180	  175.910778	  175.910130	   14.17	    2.87
    40.7	    0.52	71.736605	71.740210	  179.499010	  179.533190	    2.24	   27.90
    30.5	    0.56	71.740222	71.731750	  231.846470	  231.846440	    3.77	   11.71
   105.9	    1.45	71.754428	71.754730	  237.936193	  237.842240	    2.78	    5.75
    70.1	    0.95	71.770280	71.782570	  201.935937	  201.887600	    2.59	   11.42
    83.2	    1.54	71.778877	71.758700	  228.042021	  228.005980	    3.19	   10.90
    31.3	    0.58	71.811678	71.817600	  230.255036	  230.275440	    3.53	    9.57
    26.4	    0.49	71.827881	71.820550	  231.219111	  231.220670	    3.49	   12.76
   292.1	    3.95	71.860422	71.928050	  178.359960	  178.504300	    2.01	   11.78
   180.0	    2.43	71.860422	71.877040	  178.359960	  178.208440	    2.01	   11.73
   261.6	    3.55	71.860422	71.842070	  178.359960	  178.585720	    2.01	   10.68
   185.9	    2.53	71.864508	71.817600	  230.344790	  230.275440	    2.80	    9.57
    19.6	    0.34	71.894506	71.890500	  211.718985	  211.707110	    3.22	   22.40
   180.1	    2.43	71.953299	71.999680	  225.193218	  225.132550	    2.86	   13.16
    35.8	    0.83	72.010434	72.008930	  228.114501	  228.082630	    5.45	   13.03
     6.7	    0.09	72.027880	72.026070	  237.437827	  237.436290	    2.81	   11.58
    12.5	    0.22	72.174543	72.171090	  150.469876	  150.470610	    3.96	   17.83
    20.6	    0.50	72.207021	72.210060	  237.718266	  237.702360	    4.88	    6.52
    93.1	    2.20	72.273460	72.260410	  190.715213	  190.641950	    4.08	   10.54
     4.1	    0.07	72.300956	72.301970	   32.814184	   32.812480	    3.66	   17.50
   111.8	    1.49	72.319108	72.301970	   32.727242	   32.812480	    2.15	   17.50
    38.6	    1.22	72.349415	72.360020	  212.035749	  212.030270	   15.87	   10.41
    41.4	    0.75	72.418018	72.413840	  211.129924	  211.094440	    3.90	   15.32
    67.1	    1.74	72.422405	72.436240	  165.467900	  165.426530	    7.28	   24.11
   147.8	    2.39	72.469533	72.461450	  197.655155	  197.788730	    3.27	   31.97
    18.2	    0.61	72.555800	72.552260	  183.937925	  183.925860	   28.77	    1.48
    38.3	    1.20	72.567301	72.567070	  166.717357	  166.681880	   20.85	   10.98
    26.4	    0.63	72.605766	72.609910	  275.393938	  275.373750	    4.12	    8.60
    30.9	    0.51	72.607098	72.611740	  119.138466	  119.162670	    3.15	   28.39
    40.1	    0.90	72.694506	72.687950	  199.045962	  199.076200	    5.42	   16.87
     8.6	    0.21	72.729817	72.729300	  275.269995	  275.262180	    5.55	    4.17
    17.8	    0.57	72.779090	72.775360	  165.639381	  165.650280	    9.51	    8.42
    10.2	    0.32	72.910488	72.911430	    0.621837	    0.612700	    6.46	   10.61
    23.7	    0.77	72.987783	72.987630	  198.413048	  198.390590	    8.49	    5.90
    80.2	    1.07	73.020392	73.039210	  125.320950	  125.361780	    2.30	   17.05
   144.4	    1.90	73.091958	73.095140	  244.575201	  244.712660	    2.28	   21.55
    18.0	    0.24	73.102738	73.105720	  245.583893	  245.570080	    2.36	   18.05
   219.2	    2.92	73.102738	73.080600	  245.583893	  245.778880	    2.36	   17.12
    24.4	    0.78	73.107675	73.109180	  126.329589	  126.306870	    6.91	    9.41
    20.8	    0.38	73.139183	73.137960	  127.036139	  127.055630	    3.05	   15.24
    25.8	    0.85	73.186414	73.179400	  329.829800	  329.824740	   10.66	    5.02
     7.2	    0.24	73.249981	73.248090	  185.555247	  185.553090	   10.34	    3.26
   169.1	    2.28	73.271071	73.227760	  244.967420	  245.030590	    2.55	   13.39
    26.4	    0.85	73.332716	73.330060	  109.126239	  109.102400	    6.43	    7.82
    65.7	    0.87	73.454834	73.451930	  109.539119	  109.475810	    2.82	   18.30
    57.3	    1.05	73.545986	73.530190	  321.692308	  321.685460	    3.15	   12.99
   153.8	    2.08	73.552912	73.585950	  109.341363	  109.437170	    2.49	   11.59
    63.6	    1.12	73.652192	73.667090	  321.561692	  321.595460	    3.04	   20.54
    24.3	    0.77	73.821238	73.825990	   34.362222	   34.379450	   17.63	    9.83
    54.9	    0.73	73.857467	73.870010	   33.660069	   33.628850	    2.77	   15.96
    20.6	    0.28	74.132380	74.129760	  225.083662	  225.102250	    2.67	   14.66
   154.5	    2.07	74.192206	74.207400	  224.558770	  224.411390	    2.54	   15.95
     1.0	    0.02	74.207210	74.206940	  279.456386	  279.456700	    3.23	    9.40
    71.7	    1.30	74.226953	74.207400	  224.425205	  224.411390	    3.45	   15.95
    29.6	    0.91	74.238134	74.245700	  115.448153	  115.436260	    6.16	   12.65
     9.3	    0.18	74.295263	74.295900	  123.261183	  123.251910	    5.92	   29.61
    22.1	    0.73	74.571699	74.565630	  116.026459	  116.023100	   17.93	    3.62
   155.3	    2.05	74.624756	74.653460	  124.812577	  124.934210	    2.91	   20.01
    42.2	    1.11	74.670328	74.667250	  125.558555	  125.515810	    6.29	   23.15
    18.1	    0.34	74.720337	74.723850	  114.534006	  114.520340	    3.23	    9.50
    67.2	    1.16	74.760471	74.752860	  276.234094	  276.298920	    3.30	   23.76
   197.4	    3.39	74.760471	74.710150	  276.234094	  276.151250	    3.30	   24.29
    83.0	    1.51	74.766581	74.764500	  122.529676	  122.617100	    3.49	   14.77
    22.7	    0.73	74.781068	74.787360	  142.021168	  142.019210	    8.73	    7.62
   129.5	    2.35	74.793404	74.764500	  122.698593	  122.617100	    3.15	   14.77
    29.0	    0.95	74.854721	74.862790	  138.394047	  138.393940	   15.75	    5.86
   294.2	    3.83	74.976307	75.033330	  277.144980	  276.918700	    2.81	   23.72
    23.0	    0.31	74.976307	74.971800	  277.144980	  277.127470	    2.81	    6.65
   266.6	    7.45	75.096966	75.163350	  185.196046	  185.068240	    9.26	   19.48
    30.1	    0.93	75.096966	75.091140	  185.196046	  185.219420	    9.26	   12.04
   151.8	    2.01	75.192618	75.224260	  138.451385	  138.342160	    2.64	   19.15
    43.7	    1.04	75.236197	75.227960	  106.062317	  106.027360	    4.94	    9.58
    29.0	    0.66	75.245533	75.248690	  186.658835	  186.687910	    5.94	   15.30
    20.7	    0.28	75.268612	75.273430	  354.242470	  354.254880	    2.84	    8.86
     9.2	    0.30	75.310518	75.313040	  185.436780	  185.435320	   65.51	    2.31
     9.6	    0.32	75.413979	75.411960	  106.057129	  106.064020	   11.33	    3.94
    19.8	    0.62	75.549825	75.552560	  184.936696	  184.917560	    7.46	   10.88
    66.2	    1.61	75.562713	75.545690	  358.065781	  358.093630	    5.03	    3.36
    32.9	    1.05	75.579003	75.585190	  311.195522	  311.168580	    8.38	    9.03
     8.4	    0.28	75.597246	75.598370	  309.338428	  309.330230	   71.71	    1.70
    54.2	    0.74	75.621467	75.616430	  311.592227	  311.649410	    2.96	    9.21
     9.7	    0.23	75.813092	75.814420	  122.422939	  122.413340	    5.87	    6.64
   129.2	    2.31	75.870091	75.864430	  185.979655	  185.834470	    3.25	   17.56
