199.916941    55.109837   2.65  4603    10.9    11.7   953.5   977.8  18.06   1.36
211.937579    55.110901   2.87  8337    16.0    21.1  3267.3  3223.4   8.06   1.22
211.875283    55.137461   3.62  8337    21.4    23.4  2921.7  2976.2   8.61   1.22
244.266441    55.270720  29.08  7749   887.8  1209.1  8118.1  7876.5   0.38   1.59
301.879535    55.325885   3.35  8972    16.4    15.6  1559.9  1577.4  22.79  18.20
117.533976    55.385593   4.34  6306    24.2    26.0  1540.8  1434.0  32.58   4.37
179.493477    55.449691  14.41  4548   215.2   255.5  1463.8  1443.1   0.38   1.22
280.681472    55.490123   6.64  4960    57.5    68.4  3128.6  3134.4   3.04   4.87
199.725324    55.491365   2.65  4603    11.2    14.3  1151.4  1163.6  12.76   1.31
179.980478    55.537550   4.43  4548    23.0    31.2   861.8   882.5  17.55   1.22
244.985498    55.565134   4.01  7749    26.6    34.3  3894.8  3757.2  29.82   1.53
301.936722    55.601831   4.70  8972    30.1    36.3  2222.4  2259.0   9.46  16.77
226.958068    55.612263   2.05  2144     7.4     6.1  1434.1  1423.7  14.45   1.46
117.286242    55.635570   5.90  6306    39.5    46.0  1428.0  1567.0  17.79   4.44
280.474062    55.666789   3.12  4960    17.4    11.5  2388.7  2414.3   9.87   4.82
150.481923    55.677629   2.78   423    10.0    10.8   985.8   959.1   0.38   0.80
266.240322    55.711155   3.21   421    12.8    21.2  1104.4  1104.7   0.84   3.79
280.473010    55.720119   2.57  4960    12.6    15.1  2131.3  2163.7  12.54   4.82
266.192700    55.728702   2.50   421     8.3     8.5   987.0   977.2   2.29   3.79
226.799907    55.736488   2.02  2144     8.1    10.1  1901.5  1884.7   6.28   1.47
292.813465    55.736731   3.91  3228    17.9    18.5   475.8   467.6   0.38  11.03
173.098016    55.751623   4.65  6293    34.5    36.4  4808.4  4528.8  17.43   1.02
226.610131    55.762621   3.09  2144    14.8    19.3  2450.7  2330.7   0.38   1.47
179.904421    55.768955   2.87  4548    11.1    10.8   818.2   799.2  23.63   1.22
206.215923    55.798659   2.87  2658    12.5    11.3   986.7   976.4   5.40   1.08
301.916680    55.815054   2.22  8972     9.7     9.7  2194.3  2124.4  13.20  15.73
150.325042    55.900130   3.40   423    13.6    13.6   570.6   596.7  14.22   0.79
145.945295    55.957195  10.53  3368   119.6   165.6  1704.9  1648.0   0.38   1.53
173.098722    55.964964  12.47  6293   190.8   304.3  6157.5  6228.6   4.90   1.02
228.895292    56.025225   2.88  7062    14.7     9.6  2526.5  2544.6  18.11   1.37
193.837807    56.082256   2.10  2240     7.3     7.0  1372.2  1355.2  13.54   1.32
161.020208    56.154721   2.48  6371    11.9    20.4  2446.5  2432.1  15.84   0.59
228.104630    56.348181   3.10  7062    13.5    12.5  1680.7  1811.4  29.13   1.39
228.585818    56.352394   2.07  7062     9.7    10.4  3130.0  3045.2  13.20   1.39
173.566326    56.416923   3.19  6293    19.1    18.2  3854.4  3815.6  28.53   1.05
214.781708    56.422369   4.24  7637    30.3    32.9  4270.3  4141.3  19.23   1.40
214.266751    56.445838   9.09  7637    99.6   120.8  4137.5  3994.7  28.21   1.40
192.393532    56.502695   4.03   479    23.5    23.0  2636.1  2796.2  24.07   1.20
154.256375    56.535848   3.63  4936    16.2    16.3  1562.6  1667.2  25.78   0.83
275.882432    56.537388   2.32  7193     7.7     6.3   987.4   941.9  17.58   4.17
193.118113    56.576653   7.99   479    83.8   101.7  6340.3  6141.1   0.38   1.22
163.872322    56.641192   4.08  7764    20.8    17.2   913.0   836.7  21.44   0.60
154.065213    56.661497   2.55  4936    11.1    14.4  2365.8  2320.6  16.20   0.82
153.434580    56.770044   4.16  4936    23.5    30.1  3217.9  3173.4   7.59   0.82
193.734682    56.833535   3.19   479    17.5    18.8  3242.2  3174.1  25.87   1.24
192.759761    56.833562   5.83   479    42.8    46.3  2748.2  2879.3  19.47   1.22
276.039272    56.849274   5.38  7193    33.1    40.4  1268.1  1289.5   2.75   4.11
153.597563    56.903197   4.41  4936    27.2    32.0  3084.8  3195.5   5.90   0.81
163.811338    57.041378   2.53  7764     9.1    13.5  1124.5  1158.3   6.88   0.60
120.639849    57.272885  25.97  5184   699.3   895.7  4275.5  4290.8   4.01   3.96
227.402265    57.298765   3.61  9143    18.8    22.4  1700.3  1696.1  17.92   1.53
122.823387    57.503447   2.85  7778    10.7    12.8   918.9   942.2  25.45   4.32
234.549330    57.613258   4.24  2614    20.3    25.2   702.0   719.1  26.40   1.74
199.314371    57.636259   3.08  6879    17.7    19.8  3546.1  3367.2  38.12   1.38
124.108245    57.657209   3.22  7336    23.0    15.7  7037.3  7026.5  28.63   4.50
123.927086    57.729605   3.01  7336    21.9    28.4  7589.3  7825.6  22.07   4.47
129.797444    57.900268   8.90   503   122.6   154.4 17406.1 17440.7   1.36   4.51
233.964522    57.905668  20.64  2614   436.0   599.6  1478.3  1409.1   0.84   1.76
157.679589    57.936209   3.01  2688    12.0    14.6   972.9   987.6  29.19   0.64
158.165160    58.017110   2.43  2688     8.8     8.1  1370.8  1347.4  15.39   0.61
233.543168    58.027794   2.64  2614     8.7     9.2   879.6   873.5  14.67   1.76
199.417522    58.062726   3.27  6879    19.4    16.2  3327.3  3335.9  18.86   1.40
198.946252    58.214053   5.37  6879    48.3    73.1  6897.0  6878.8   1.55   1.37
202.015467    58.219197   4.63  7635    31.0    32.1  4069.2  4180.6  16.97   1.40
157.979369    58.256986   2.40  2688     8.6    10.7  1398.5  1396.5  13.09   0.64
199.825154    58.283356   3.02  6879    16.2    14.0  3848.4  3654.3  28.68   1.38
123.956937    58.298356   3.30  7336    21.6    27.2  7259.8  7681.5  17.24   4.52
202.402333    58.424921  11.65  7635   163.1   181.5  8285.7  8037.8   0.38   1.38
198.181084    58.432971   3.16  6879    18.1    15.3  3607.9  3703.9  26.12   1.32
198.690145    58.462351   2.53  6879    14.6    15.6  5141.5  5129.2  15.39   1.33
202.861256    58.513802   2.51  7635    13.3    14.0  4922.2  5022.5  15.70   1.40
202.810237    58.522770   3.97  7635    28.1    34.0  5210.4  5206.0  14.43   1.40
240.472742    58.558610  14.79  5191   225.2   284.8  1717.0  1677.9   0.38   1.77
114.237508    58.767969  10.11  2607   106.5   123.2  1021.7  1043.1   1.13   4.81
133.490046    58.898841   2.57   415     8.9     7.0  1172.0  1264.0  15.95   4.10
191.164959    58.927842  10.24  6875   115.8   125.4  2144.1  2005.4  28.21   1.19
 76.559350    59.025785  15.26  3196   238.8   296.4  1924.0  1833.3   0.38  22.88
134.252619    59.127408   3.69   415    17.7    16.6  1316.3  1321.5  26.13   4.15
193.250237    59.305952   2.93  2612     9.7    11.5   505.8   520.4  35.49   1.27
283.243851    59.331399   3.67  4946    18.0    20.0  1894.7  1905.3  14.03   5.38
234.664843    59.359097   4.09  6646    23.5    28.9  1519.9  1493.6  12.96   1.84
282.807049    59.392316   4.42  4946    26.2    32.9  2925.2  2785.6   0.38   5.30
280.715245    59.628456   3.86  5619    17.3    21.3  1231.9  1202.5   1.36   4.92
212.354203    59.660744  13.50  6883   194.2   234.0  2572.5  2623.0  10.57   1.68
212.582457    59.706034   4.14  6883    27.7    29.3  3256.8  3144.3   4.60   1.67
235.871869    59.708140   2.60  6646    11.0     6.9  1278.6  1210.3  29.46   1.84
308.709068    59.770103   9.45 10314   118.7   130.1 12009.2 11185.5  23.20  19.09
261.543597    59.824990   2.27  7660     8.5     7.4  1324.4  1297.2   8.10   3.04
307.750879    59.878497   2.88 10597    15.0    14.0  3462.5  3606.1  33.31  16.98
261.666573    59.931958   3.92  7660    19.6    21.5  1053.3  1051.7  14.45   3.06
206.153470    60.019383   4.51   496    27.1    31.9  2270.1  2271.6  27.22   1.83
205.708708    60.028592   3.07   496    14.4    15.6  2658.1  2579.7  20.51   1.84
309.785195    60.087749   3.26  9710    17.5    13.8  1982.1  2017.0  26.32  22.73
308.738663    60.170232  17.75 10314   401.7   649.8 25788.0 24336.3   1.13  20.14
261.002800    60.195715   2.65  7660     9.5    13.6   924.8   921.3  26.14   2.94
205.421134    60.259121   5.69   496    43.0    60.2  3728.5  3699.1   7.32   1.80
259.903254    60.269287   2.18  7662     5.3     4.6   360.0   355.0  14.38   2.80
257.102846    60.270587   2.71  3065     9.4     6.3   553.2   560.2  28.55   2.43
192.170358    60.324245  19.76  7913   416.8   569.0  5493.2  5364.2   0.38   1.30
205.545668    60.366126   3.36   496    19.3    18.1  4431.7  4373.0   0.38   1.79
307.926271    60.378212   5.32 10314    54.2    58.3 12142.6 12144.0  26.89  18.24
256.749198    60.401093   5.11  5688    66.8    79.5 22389.4 22512.7  26.47   2.44
309.113239    60.402158   4.90   422    31.7    35.3  3289.6  3254.1  18.95  21.53
206.997317    60.408039   5.37 10245    40.6    44.7  3484.8  3602.5  16.06   1.77
294.810262    60.419863   2.40  2694     6.8     7.8   647.9   652.9  18.49   6.89
309.167203    60.428857   3.36 10314    26.7    27.8 11369.5 11548.5  21.20  21.63
 75.847196    60.438046   6.91  4229    54.4    68.0  2678.7  2639.9   0.38  23.31
310.082127    60.498082   6.55  9710    59.3    73.1  4209.9  4139.5   0.38  23.55
308.264314    60.505490   2.72 10314    21.4    27.6 12655.1 12001.2  24.79  19.42
308.372139    60.524004   3.24 10597    21.2    19.2  4727.3  4743.9  24.23  19.81
206.940584    60.541111   2.91 10245    16.7    22.0  3570.8  3327.5  23.73   1.79
295.638285    60.591668   3.42  2694    14.1    12.9   765.5   751.3  16.89   7.20
249.826314    60.659354   2.18  3220     7.9     6.3  1541.0  1535.2   3.04   2.16
256.403673    60.702774  20.97  5688   563.1   703.2 35428.1 35689.9   7.44   2.49
249.771051    60.703562   9.52  3220    98.0   125.2  1800.2  1769.8   0.38   2.17
295.147305    60.723905   2.86  2694    10.7    12.0  1040.3  1036.5   2.29   6.72
256.184877    60.746401  25.05  5688   792.4   921.9 42289.3 42391.0   1.13   2.50
256.038093    60.799002   7.83  5688   140.1   168.5 39476.1 39369.1   5.29   2.50
249.347039    60.896566   2.70  3220    10.1    11.8  1186.4  1172.4  16.97   2.21
255.557244    60.982145  13.15  5688   235.5   300.3 19619.6 17649.9  23.05   2.53
246.055440    61.009870   2.75  5583    13.2    12.2  1474.3  1459.9  29.63   2.02
198.630946    61.076696   2.07  9120     7.7     4.7  1142.4  1130.9   7.99   1.57
198.318184    61.111977   2.87  9120    12.5    10.4  1193.1  1164.7   5.90   1.58
245.480981    61.175201   2.85  4417    12.7     8.6  1725.6  1740.6  24.70   2.00
245.387745    61.201068   3.45  4417    17.9    26.7  1828.0  1818.2  25.27   1.99
246.009125    61.516352   3.09  4417    15.7    11.2  3318.9  3293.3   0.84   2.18
165.850306    61.649620   4.62   850    26.1    33.3  1634.4  1652.1   6.59   0.68
245.706839    61.656936   2.32  5583    10.4     9.1  1912.5  1888.3  12.47   2.19
245.724827    61.683723   3.36  5583    18.7    28.0  1941.1  1920.1  13.39   2.19
245.949292    61.702761   4.34  5583    27.5    24.5  1885.4  1929.6  12.07   2.20
265.730656    61.758859   3.72  6820    16.2    15.7   821.8   790.4  17.05   3.42
245.815519    61.799838   2.52  5583    11.8    17.2  1715.3  1639.0  18.57   2.20
246.492662    61.810957   2.58  5583    11.8     9.5  1489.2  1477.1  23.20   2.24
180.089052    61.978824   2.16  7593     8.1     8.6  1828.2  1789.9   9.25   1.89
210.566823    62.155756   2.31  7304     7.7    11.9  1000.4   993.5  12.60   1.95
268.924000    62.165813   2.30  8897     6.9     4.5   472.0   472.0  16.00   3.37
209.785390    62.207513   4.52  7305    25.2    23.5  1493.0  1495.6   9.52   1.94
210.834272    62.235289   3.46  7305    15.9    13.2  1118.8  1103.0  20.30   1.94
209.897960    62.305791   3.34  7304    14.2    16.9  1094.4  1089.7   9.87   1.94
250.281257    62.307429   5.50   273    35.6    41.6  1602.7  1640.3  24.92   2.70
271.422593    62.316954   2.47  8864     8.9     7.3   933.0   922.3  13.67   3.57
209.935908    62.323708   4.15  7305    22.3    25.5  1420.6  1438.7  10.15   1.94
249.898292    62.342530   2.76   273    12.7    13.2  2036.7  2027.6  16.58   2.72
210.146146    62.351016   2.04  7304     6.5     5.4  1085.2  1088.1  10.43   1.94
217.832942    62.403460   5.37  9706    45.2    58.3  3622.3  3656.5  13.52   1.73
217.160857    62.418231   2.58  9706    13.1    14.7  2273.1  2358.1  20.76   1.76
269.091806    62.433073   2.24  8897     6.3     6.5   594.3   583.9   7.74   3.36
271.784231    62.443062   2.11  8864     7.6     8.6  1152.5  1136.1   8.31   3.59
249.339741    62.446649   2.09   273     9.1     6.9  2532.0  2521.4  11.32   2.69
188.560926    62.453928   4.36  6869    28.6    34.0  3947.7  3957.1  25.65   1.61
170.491413    62.483884   2.33  3471     8.1     8.5   747.0   749.6  19.61   0.76
273.399236    62.494536   2.60 10773    11.0     8.2  1439.8  1432.7  19.08   3.79
209.971161    62.510518   5.72  7304    36.2    42.6   872.6   842.9  20.40   1.92
170.222923    62.529670   3.33  3471    14.5    14.3  1009.0  1014.8  12.00   0.72
187.983064    62.587314   4.60  6869    32.5    43.6  5062.1  5054.4  16.02   1.69
268.974492    62.608088   3.28  8896    13.1    15.7   456.2   461.8   9.90   3.35
123.105454    62.610638  64.87  8357  4264.2  5124.6  9987.5 10038.8   9.87   4.30
248.928798    62.612287   2.89   273    13.9    14.2  2141.6  2172.4  19.03   2.65
210.284622    62.702279   2.31  9227     8.3    11.2  1080.2  1053.4  16.27   1.92
187.419432    62.718401   5.27  6869    34.2    35.2  3197.4  3226.5  21.76   1.73
273.802686    62.735385   2.87 10773    12.5    19.9  1575.5  1488.0  16.75   3.82
280.225431    62.741798   3.16  7151    15.5    13.7  1383.5  1314.2  17.79   5.36
217.712812    62.767621   3.51  9706    21.1    21.0  2281.6  2281.3  34.93   1.73
222.533198    62.786464   3.41  6318    20.2    16.3  3126.5  2988.2  29.50   1.68
269.007616    62.833212   2.18  8828     6.9     6.3   781.2   783.8  12.47   3.34
188.136269    62.880868   7.11  6869    69.7    92.9  6679.5  6638.5   2.53   1.71
272.807643    62.882355   2.95 10773    13.5    14.2  1759.4  1739.5  12.05   3.67
221.654123    62.897560   3.89  6318    24.6    32.7  3192.4  3223.8  29.13   1.67
123.662492    62.943988   6.11  8357    58.0    77.5  7963.8  7597.3  26.71   4.24
189.410724    62.981607  13.00  6871   176.8   223.9  2524.4  2379.7  14.71   1.66
222.412275    63.106178   2.24  6318    13.3    12.2  4955.0  4874.2  10.04   1.69
215.709371    63.142263   8.00  8440    83.2   100.2  5055.7  4920.8  15.75   1.79
223.061261    63.159835   2.93  6318    14.6    12.6  2912.7  2864.4  20.58   1.69
189.234062    63.194955  10.17  6871   120.7   179.2  4401.1  4133.1   1.13   1.68
221.287299    63.196387   2.85  6318    15.1    16.0  3217.6  3130.6  28.81   1.68
216.338316    63.198595  19.29  8440   406.5   602.1  6310.2  6361.5   2.75   1.77
264.477601    63.214862   2.17  8870     9.0    10.7  1753.0  1755.9   8.10   3.02
279.865909    63.229604   2.49  7151    10.5    11.1  1450.7  1446.4  15.84   5.27
268.974299    63.233023   2.45  8828     7.7     6.1   705.3   713.0  17.10   3.32
189.312909    63.266093   2.88  6871    15.2    17.9  3363.8  3337.1   4.54   1.68
106.114935    63.313148   7.35  3553    66.2    94.7  2013.2  1982.6   0.38   5.16
279.566001    63.352457   3.40  7151    15.6    21.3  1147.0  1159.3  24.00   5.18
221.530552    63.492169   4.03  6318    25.2    30.0  3155.1  3053.1  25.52   1.68
269.374132    63.495316   2.08  8894     7.2     8.9  1146.0  1130.4  11.49   3.30
270.310068    63.526270   2.00  8894     6.9     6.3  1040.5  1026.4  13.62   3.35
106.360242    63.560719   9.30  3553    92.1   106.8  1337.2  1282.1  16.39   5.11
220.582790    63.584250   2.75  6897    13.5    11.9  2312.3  2256.1  12.65   1.69
269.870086    63.587239   2.41  8894     9.7     6.5  1281.1  1271.6   4.90   3.31
265.336439    63.592708   2.43  8797    10.9     8.8  1718.0  1771.0  12.03   3.08
265.515975    63.602911   3.18  8797    17.1    12.4  2154.5  2082.7   7.20   3.10
221.142091    63.604238  11.29  6897   139.6   172.2  2582.1  2590.6   7.63   1.68
195.520851    63.605546   3.09  9701    19.5    16.6  4776.9  4714.9   1.89   1.70
219.200479    63.605920   6.60 10421    58.7    61.2  4366.0  4293.7   0.38   1.69
268.865558    63.609261   2.22  8795     9.1     2.1  1223.5  1230.4   9.46   3.30
274.470997    63.621093   2.03  8825     5.7     5.1   764.3   774.4  11.32   3.77
195.420733    63.623220   5.52  9701    47.1    64.7  5748.9  5430.6   1.13   1.69
265.873597    63.711539   4.43  8797    27.3    32.7  2017.2  2049.9   6.59   3.13
272.505858    63.722043   2.89 10775    10.0     8.7   547.6   554.6  27.31   3.48
252.681529    63.728493   2.71  4608    10.5    10.3  1058.4  1059.7  29.61   2.71
221.040047    63.755102   2.57  6897    13.6     6.0  2904.6  2829.7   3.48   1.68
208.344482    63.775618   2.64   520     9.9     7.0  1419.1  1439.7   1.13   2.13
277.586269    63.776348   2.50  8866    11.7    12.4  1504.0  1479.9   9.90   4.57
265.951850    63.818522   2.48  8797    11.1     9.0  1639.4  1633.0  13.33   3.14
233.795709    63.823129   3.64  7328    25.2    22.0  6207.3  6228.3  10.15   1.86
269.703536    63.826434   2.66  8894    10.0    12.2   815.6   830.0  19.08   3.27
276.047739    63.841280   2.14  8861     5.7     4.1   520.0   520.1  11.54   4.15
274.506846    63.845983   2.85  8822     9.0    10.1   518.4   519.1  28.98   3.73
265.588128    63.852303   6.32  8797    48.1    65.3  1577.6  1614.0  15.52   3.11
210.312432    63.871459   4.43  5554    28.7    36.4  2694.0  2614.0  36.77   1.99
269.264863    63.885548   3.55  8795    17.7    21.0   990.5   958.0  19.22   3.27
233.108341    63.891509   2.81  7328    18.6     8.8  6748.9  6722.2   9.37   1.87
233.451365    63.911059  16.29  7328   295.0   373.2  8751.5  8632.3   0.38   1.87
219.741573    63.917645   2.97 10421    14.3    15.1  1877.6  2047.5  23.53   1.67
275.051157    63.924505   2.59  8825     8.6     9.8   544.8   552.2  19.76   3.84
182.109616    64.040500   4.09  6865    34.5    35.3  7258.7  7018.0   3.48   1.99
278.104953    64.048245   2.23  8872     7.4     3.4   962.0   952.1  13.48   4.78
277.115881    64.050099   3.14  8866    14.7    16.1  1181.8  1210.7  17.50   4.39
275.573640    64.078098   2.12  8861     5.6     5.0   518.8   518.5  13.91   4.02
261.853219    64.100413   2.08  8860     5.9     4.3   723.5   748.2   6.28   2.80
263.752524    64.103701   3.63  8833    15.8    16.2   493.2   498.0  13.29   2.94
277.348470    64.159426   3.32  8872    14.1    14.7   973.7   966.8  14.51   4.45
269.810651    64.163255   2.42  8793     8.4     7.6  1120.6  1074.6  15.46   3.32
269.524658    64.169502   3.14  8793    12.2    12.5   911.3   844.4  22.34   3.26
182.068178    64.173785   9.23  6865   107.3   141.8  5785.7  5768.8   7.32   1.96
278.857864    64.182040   2.63  8872     9.1    15.9   686.0   668.9  26.17   5.11
187.887514    64.244632  12.35  6868   162.4   226.5  2070.4  2055.5  31.70   2.01
262.318417    64.271538   2.20  8860     6.6     5.7   606.3   625.7  10.73   2.82
275.491322    64.348537  18.01  8822   328.6   412.7   711.8   702.7  13.67   4.03
211.113581    64.364548   4.24  5554    33.9    39.3  6469.5  6396.1   0.84   1.91
211.113223    64.391228   3.05  5554    19.0    17.2  6074.3  6107.4   0.84   1.91
273.473986    64.403297   5.83  8789    38.7    46.6   573.9   573.1  12.87   3.66
198.760480    64.420393   3.44  6877    24.8    20.3  5030.2  4896.8  11.64   1.77
266.679777    64.445305   2.10  8751     5.6     5.9   378.6   382.7  13.07   3.29
275.160860    64.445487   2.22  8822     6.6     8.8   707.8   727.1  10.86   3.96
271.166277    64.480057   2.13  8766     6.4     4.5   482.7   477.0   9.18   3.39
211.524736    64.498319   5.26  5554    44.0    60.7  4580.8  4386.5  13.09   1.89
273.987355    64.512077   2.17 10776     5.7     6.3   542.6   540.3   6.14   3.58
274.171506    64.575435   2.37  8789     8.5    11.4   636.0   642.7   9.87   3.63
198.615094    64.580258  16.08  6877   290.3   422.9  6217.8  6337.7   1.36   1.76
277.991876    64.646630   2.65  8647     9.2    10.9   497.8   499.6  15.01   4.95
265.914350    64.651920   2.40  8770     9.3     7.5  1006.1   920.8  17.72   3.27
269.188146    64.667947   2.00  8767     7.2     4.7  1367.0  1352.8  13.00   3.46
268.252538    64.668544   2.46  8831     7.8    10.2   758.4   757.4  14.88   3.40
274.585895    64.673561   2.65  8789     9.9     7.7   487.1   472.6  21.43   3.85
265.893256    64.687434   3.05  8770    13.6    16.6  1030.0  1015.1  15.88   3.29
265.123127    64.710802   2.03  8770     7.6     6.4  1134.4  1118.8  11.72   3.13
278.192494    64.826003   2.14  8647     7.7     4.6   547.1   553.7  10.43   5.10
276.278395    64.841522  12.30  8667   155.6   180.9   682.1   666.5  18.20   4.30
265.619906    64.846734   2.61  8770    10.7    12.5  1292.5  1302.1   5.13   3.33
278.107799    64.852050   3.14  8647    12.9    22.2   498.8   504.0  13.09   5.08
268.618926    64.867648   2.66  8769    10.6     7.3   585.9   597.9   9.55   3.51
266.479987    64.870885   2.65  8751     9.2     8.9   390.0   396.9  13.52   3.44
275.566565    64.875286   2.27  8667     7.9     7.5   993.9   957.9   5.61   4.14
264.301542    64.883338   2.10  8594     7.3     6.1   980.7   962.4  10.38   3.12
268.549722    64.892735   2.60  8767     9.7    12.4  1048.3   981.5  28.53   3.52
268.014873    64.990556   2.11  8771     6.0     4.6   601.7   602.9   9.90   3.53
265.007152    64.994462   2.78  8770    12.1    13.2  1143.0  1140.4  13.29   3.30
129.811246    65.015754  40.50  6964  1698.9  2305.9 14602.6 14401.5   0.38   4.28
268.005414    65.024340   2.05  8769     7.1     2.3   599.6   607.5  10.04   3.54
263.128807    65.040730   2.60  8799     9.7     6.7   896.3   909.3  12.07   3.17
264.087663    65.042408   5.36  8594    33.5    37.4  1253.3  1226.1   0.84   3.19
 67.658651    65.050539   2.81   414    11.6    13.6  2194.6  2147.8  12.56  21.71
274.230185    65.082932   2.40  8792     7.2    10.3   988.5   950.3   4.08   3.96
262.578789    65.100192   2.93  8799    11.7    10.7   913.2   925.7  10.21   3.15
272.872902    65.126573   3.56  8572    17.1    16.7  1488.5  1434.8  14.45   3.94
273.854082    65.127561   2.29  8788     6.1     6.1   358.9   348.9  14.18   3.94
265.297025    65.138600   2.35  8770     9.4     6.7  1027.6  1035.6  17.05   3.45
264.486487    65.150569   2.21  8594     7.7     6.3   767.1   800.6  11.47   3.31
273.358452    65.155716   2.11  8572     7.9     7.6  1687.5  1724.5  12.05   3.94
276.182289    65.157629   3.24  8820    12.5    12.7   613.6   612.7   8.37   4.51
270.534572    65.158213   2.15  8737     6.4     5.5   548.5   547.3  12.47   3.71
274.986230    65.182490   3.18  8667    12.7    14.1   573.7   566.9  28.35   4.18
277.930104    65.188298   3.37  8819    12.6    12.0   469.5   470.6  17.12   5.18
114.080013    65.215941   2.28  5227     9.7     7.0  2224.7  2123.4   0.38   4.15
274.754850    65.289563   2.35  8792     6.6     8.2   616.7   600.1  16.06   4.20
194.703133    65.313685   2.83  6876    15.3    14.7  3102.9  3085.2   5.29   1.83
274.998845    65.343336   2.88  8787    10.0     8.5   554.1   571.3  13.62   4.29
268.784610    65.344642   4.82  8749    27.3    35.0   799.0   790.3  10.46   3.73
194.617725    65.366965   6.20  6876    50.4    74.3  3554.1  3473.4   1.55   1.83
278.765672    65.444922   3.92  8857    18.8    20.4   688.0   655.2  17.27   5.58
262.275439    65.504335   2.76  8837    11.4    11.2  1476.3  1444.7  18.98   3.33
194.273940    65.508520   2.66  6876    12.5    18.3  2616.8  2662.1  10.57   1.84
273.587123    65.511904   2.71  8572    10.8    12.7  1459.9  1485.0  15.09   4.12
256.828996    65.538167   2.06  5593     8.3     7.2  1406.8  1424.4  13.58   3.04
 75.763915    65.568916  17.85   456   323.2   372.8  1546.8  1541.0  14.43  13.67
263.276468    65.570278   2.81  8802    10.1    12.8   516.8   497.4  32.27   3.41
256.526187    65.580134   2.84  5593    12.7    15.4  1268.2  1260.5  18.28   3.04
114.097590    65.587254   8.74   589    93.8   110.2  5730.9  5892.5   3.04   4.17
175.385231    65.614082   5.85  5421    50.7    61.8  7530.9  7121.3  14.73   1.12
273.435085    65.627097   2.88  8572    11.2    11.4   987.0  1048.3  18.77   4.16
271.206727    65.631146   2.42  8734    10.0    10.4  1311.6  1272.8  16.23   4.07
271.709982    65.635543   3.21  8748    13.6    14.4   972.9   990.2   7.77   4.14
270.343935    65.653927   2.09  8734     8.1    10.0  1329.8  1347.4  13.20   3.91
114.270977    65.664854   3.83  5226    22.3    27.1  3149.3  3015.4  17.74   4.18
113.797427    65.676948   9.31   589    98.0   122.0  4362.2  4561.2  11.35   4.17
277.965337    65.718114   2.46  8857    10.1     5.6   784.0   766.9  12.87   5.43
243.508638    65.719460  18.66 10394   358.5   460.5  1856.5  1858.0   1.13   2.86
273.281007    65.768799   2.92  8572    10.9    12.2  1173.5  1157.8  26.10   4.20
325.740058    65.777855   2.34  5038     8.8    10.7  1755.2  1857.1  20.00  36.28
277.065008    65.789789   2.64  8785    10.9     8.9   756.7   754.8   4.01   5.17
174.998335    65.801446  25.89  5421   714.7   918.4 12273.9 11953.2   0.38   1.15
270.901273    65.808111   3.37  8734    16.9    21.7  1668.4  1649.6   4.54   4.07
270.988077    65.808411   2.62  8734    11.1     7.5  1587.4  1625.2   6.67   4.08
127.744812    65.849485  19.64   305   441.0   655.8  6318.5  6328.0   3.04   4.25
276.737440    65.859329   2.06  8785     6.8     9.9   731.3   741.7   5.66   5.11
270.311379    65.902611   2.27  8734     9.9     7.7  1407.3  1465.5  11.35   4.00
174.280064    65.906807   3.77  5421    27.2    31.9  7062.6  6915.0  18.57   1.13
275.386557    65.995609   3.53  8900    16.9    17.7  1857.9  1942.1  30.58   4.83
271.224847    66.004505   2.88  8734    12.6    14.4  1221.8  1205.5  16.99   4.16
274.096731    66.009510   2.77  8900    13.6    13.0  2317.4  2329.6  21.36   4.48
264.291311    66.028935   2.40  8772     7.6     5.0   704.4   682.3  18.43   3.81
127.180395    66.037415   7.60   305    73.6    82.3  3859.1  3949.6  15.46   4.23
260.945187    66.049353   2.22  8874     7.7     5.7   971.1   971.5   7.85   3.44
270.697948    66.082815   2.51  8734    10.9    13.8  1244.1  1240.2  16.27   4.11
325.712872    66.106674   4.01  5038    25.3    29.0  3663.6  3613.6   0.38  37.06
265.793096    66.113198   3.27  8752    12.6    14.5   696.8   685.8  17.38   3.87
265.735293    66.124905   4.04  8772    18.9    22.5   733.4   721.0  17.35   3.87
274.705231    66.199359   3.56  8900    21.0    20.1  3122.5  3229.4  10.29   4.75
268.489560    66.229502   2.43  8740     9.7     8.8  1744.0  1709.7   8.37   3.98
235.263219    66.264384   4.84  5733    36.2    50.0  4675.0  4748.9   2.75   2.79
 75.405182    66.298795   3.38   456    13.9    16.4  1132.6  1140.1  31.94  12.02
275.123305    66.342369   3.24  8900    18.3    17.3  2787.9  2824.3  16.27   4.91
 73.501444    66.346255   5.81  3127    40.6    46.6  2584.0  2503.4   0.38  13.87
272.401649    66.361021   2.81  8745     8.9     7.9   333.8   331.2  23.31   4.37
187.573797    66.366746   2.82  9159    12.3    12.0  1311.7  1274.2  28.53   1.92
268.198162    66.397366   2.69  8740    10.8     9.9  1677.6  1659.7   8.90   4.03
270.310358    66.409357   3.05  8734    12.9    15.1   860.8   807.0  37.19   4.16
234.214701    66.416328   3.75  5733    19.5    23.6  2180.3  1949.0  29.00   2.74
270.785828    66.424150   2.15 10770     6.8     6.0   739.7   749.2  13.48   4.22
123.762728    66.434270   8.06   317    88.7   124.6  8594.0  8613.4   0.84   4.23
235.881054    66.461404   4.01  5733    24.4    26.7  2930.2  2859.8  19.61   2.77
240.622358    66.461789   2.77  5022    20.3    14.3  6165.4  5921.7  21.03   2.90
269.934653    66.468328   2.10  4926     7.0     3.3  1161.7  1167.5  11.35   4.13
273.446092    66.468983   2.58  8744     7.7     6.3   419.6   412.4   7.55   4.61
270.435339    66.484564   2.33  8756    10.2    11.3  1806.3  1882.5  13.73   4.20
277.705396    66.488082   2.16  8645     5.7     5.4   523.4   498.8  12.35   5.60
269.297417    66.514277   2.46  8756    10.1     6.1  1956.0  1987.5  15.07   4.08
269.396596    66.554495   2.26  4926     8.1     4.8  1261.5  1238.5   8.51   4.10
189.262419    66.585001   4.72  9159    27.5    30.4  1499.3  1473.0  17.35   1.92
271.822616    66.592305   2.72  8735     9.0     7.8   784.1   776.8  14.78   4.39
261.236955    66.621351   2.27  8599     8.2    11.6   885.0   889.9   6.67   3.66
240.708902    66.622033   2.61  5022    19.7    11.2  6748.9  6744.0  12.81   2.98
268.843015    66.625223   2.79  8756    12.5    12.9  1621.2  1621.7  25.57   4.11
271.394411    66.651656   2.49  8735     7.5     9.1   679.5   684.1  16.23   4.36
270.456154    66.653483   4.88  8756    29.7    30.8  1792.6  1847.5  13.83   4.25
272.538049    66.710058   2.41  8735     7.2     5.5   658.4   648.2  17.05   4.56
261.639933    66.710942   2.51  8599     9.1     9.5   671.9   673.2  17.04   3.72
 73.557695    66.737126   2.69  3127     8.9    10.2   530.9   576.4  23.75  13.31
252.964844    66.746552   2.37   223     8.9    11.1  1527.3  1517.0  10.94   3.39
240.435379    66.798913  24.53  5022   656.3   952.9 10778.5 10462.3   0.38   3.05
253.796562    66.839564   2.44   223     9.7     8.9  1660.2  1629.5  10.15   3.24
150.527706    66.859974   9.52  1788    99.4   119.0  2748.9  2662.9  19.74   3.72
270.423865    66.860314   2.56  4926     9.6     5.9   843.3   814.2  22.03   4.32
279.924898    66.893859   2.61  8816    12.5    10.4  1656.2  1668.4   9.78   5.99
280.808163    66.906726   2.53  8816    10.7    11.5  1570.1  1560.6  11.72   5.97
275.499698    66.941300   2.18  8759     6.5     8.5   755.4   781.5  11.47   5.17
261.021825    66.955923   2.05  8876     5.0     3.9   442.8   435.1  14.57   3.76
273.787249    66.967204   2.21  8758     6.2     7.2   702.5   708.3   8.37   4.85
264.161881    66.997253   2.03  8817     5.4     3.6   407.4   396.9   9.37   4.07
262.366580    67.027192   2.30  8839     6.9     7.6   502.6   489.8   8.96   3.96
266.823368    67.053300   2.05  8754     8.7    12.2  1578.4  1566.4  12.83   4.24
149.616870    67.053756   8.27  1788    75.3    90.6  2522.3  2515.4  27.88   4.02
150.848443    67.072694   2.31  1788    12.0    13.4  4127.5  4147.1   6.41   3.70
227.696501    67.115967   3.11  2727    19.4    18.2  4441.4  4427.0  11.47   2.23
276.578496    67.137328   2.67 10772     8.0     9.9   388.5   381.8  12.54   5.50
273.484517    67.143353   2.10  8758     5.9     5.6   769.1   762.4   6.09   4.85
278.377449    67.148014   2.58  8571     8.2    10.1   357.8   356.7  12.65   5.82
275.311560    67.168300   2.46  8658     8.2     9.2   716.0   684.9  15.54   5.19
150.781575    67.170658   6.53  1788    61.6    93.2  5068.5  4997.9   0.38   3.72
264.953743    67.183777   4.28  8803    24.2    30.6  1156.6  1141.7  14.14   4.20
267.916643    67.200610   2.91  8754    13.3    12.7  1197.5  1184.5  18.86   4.29
186.774842    67.276264   4.47  3472    23.2    23.4   901.0   867.9  18.01   1.88
227.143474    67.283647   2.88  2727    17.5    17.5  5016.9  4983.4  10.49   2.15
270.528921    67.319349   2.33  8646     8.1     7.9   618.1   594.8  14.16   4.53
279.082553    67.338797   2.04  8571     6.5     5.5   380.1   373.4   8.51   5.99
275.947929    67.358842   2.33  8658     8.4     6.1  1013.1  1015.0   3.22   5.43
271.207102    67.386626   2.55  4265    13.5     6.8  5272.1  5293.1  16.11   4.66
263.693352    67.398811   2.14  8840     8.0     5.6   728.3   758.6  14.45   4.17
288.155047    67.398853   5.81  5626    58.7    77.0  8216.6  8049.4  16.27   6.08
270.776906    67.426854   2.67  8780    12.5    16.9  1630.9  1615.3  13.58   4.61
270.695733    67.455523   2.55  4265    14.6    11.7  5978.4  5823.5  10.65   4.61
269.720147    67.463196   2.51  8778     8.7     8.5   749.7   759.7  21.73   4.49
271.065593    67.501734   3.90  4265    25.8    29.5  6332.2  6428.8   8.51   4.69
262.160749    67.524942   2.55  8879     9.5     5.4   636.3   639.0  14.78   4.11
279.854760    67.527727   2.10  8890     6.6     6.7   863.2   870.1  12.00   6.16
270.043135    67.535757   2.47  8778     9.2    11.0   969.6   950.1  18.06   4.56
288.615928    67.551393   3.22  5626    27.1    39.4  9096.7  8957.3  13.09   6.08
270.387271    67.586763   3.48  4265    22.3    20.0  5803.6  5934.4  11.09   4.63
272.180661    67.616278   2.52  8593     7.6     7.2   539.8   501.8  20.17   4.78
268.238577    67.623510   2.12  8666     5.6     7.0   582.9   580.4  10.29   4.41
266.528419    67.623990   6.02  8804    39.4    38.6   645.3   624.0  28.26   4.38
213.006995    67.626086   2.26 10429    10.1     8.8  1976.5  1885.9   2.75   2.05
269.893915    67.635509   2.70  4265    13.0    13.8  3934.8  3860.5  22.17   4.58
271.272485    67.635699   2.46  4265    13.9    15.6  5879.9  5980.4   9.37   4.72
206.265595    67.639769   2.98  2657    11.5    11.4   986.5  1013.0  24.39   1.90
270.875071    67.643162  20.50  4265   446.3   536.1  7545.3  7476.5   1.36   4.72
270.040139    67.660202   2.11  8778     7.9     5.8  1167.2  1177.5  11.09   4.61
289.129421    67.684783   3.74  5626    30.6    16.6  6537.9  6180.0  22.68   6.27
287.630813    67.689005  13.18  5626   207.5   278.5  7622.7  7947.9  11.54   6.04
227.085697    67.692311   3.74  2727    20.8    27.5  2721.0  2607.2  35.02   2.18
274.620778    67.693664   5.62  8657    34.6    44.7   954.5   966.1   6.09   5.22
269.568955    67.737884   3.24  8778    15.9    12.9  1286.2  1266.1   7.55   4.58
272.216063    67.751036   2.95  8780    12.5    10.6   905.4   973.4  25.50   4.80
279.303966    67.808628   2.40  8890     8.3     8.1   843.0   849.1  13.52   6.16
263.005695    67.813966   2.60  8840    10.1     9.3   773.2   785.9  16.75   4.22
261.991091    67.826685   2.54  8879     9.5     7.5   787.4   777.7   8.71   4.15
277.395937    67.829355   3.11  8893    13.6    16.4  1034.8  1085.3  29.27   5.85
287.599634    67.831030   3.83  5626    34.1    33.9  7816.2  7878.8  15.54   6.04
 56.827545    67.859013   6.84  7045    51.7    55.3  1400.4  1435.7  14.43  30.20
268.917845    67.864881   2.39  8757     8.6     9.6   779.7   783.5  15.46   4.51
271.055475    67.901703   5.08  4265    35.6    44.6  4248.5  4342.8  17.40   4.71
288.588077    67.915800   4.46  5626    38.7    36.6  7247.1  6951.9  17.98   6.21
269.181729    67.930569   2.38  8778     8.6     7.9  1001.6   968.1  15.63   4.58
279.848981    67.973916   2.82  8893    12.6    10.5  1272.4  1240.9  28.74   6.13
265.651464    68.020674   2.85  8812    10.3    10.0   637.6   661.6  15.15   4.41
221.949860    68.031338   3.64   460    19.3    23.8  2770.9  2685.1   5.24   1.93
264.162415    68.067819   2.69  5606    11.4     9.1  1265.7  1248.9  17.35   4.38
268.677098    68.068699   4.63  8757    26.2    38.6   988.5   984.6   5.76   4.52
 56.501780    68.082473   6.04  7045    44.8    52.4  2029.2  2009.6   4.60  29.34
223.513675    68.092021   4.13  6888    23.7    26.9  2315.4  2219.1  18.39   1.99
156.142366    68.096368   4.17  7050    29.5    33.4  3885.9  3769.3  28.32   2.51
 56.716595    68.099517   4.78  7045    30.9    31.7  2362.5  2325.4   0.38  28.69
273.870134    68.124788   3.28  8648    14.3    15.2   570.8   552.4  14.67   5.13
269.009680    68.131705   2.28  8757     7.2     8.7   704.7   736.0  14.01   4.60
315.415979    68.158451   8.52 10066    86.9   111.9  4161.9  4097.5   0.38  21.48
223.703903    68.181120   2.57  6888    12.3     4.5  2314.5  2373.8  15.88   2.03
264.176352    68.370129   2.95  5606    14.1    16.8  2081.3  1999.3   1.55   4.39
272.732785    68.400509   2.03  8885     6.7     2.9   772.0   770.7  14.22   4.89
274.445302    68.425007   3.12  8653    11.3    10.3   501.2   494.3  25.71   5.44
222.615096    68.425901   3.15  6888    16.0    14.2  2723.5  2648.1  13.91   2.11
157.561138    68.468979   2.39  7050    15.6    11.5  4854.1  4926.8  10.96   2.27
269.701460    68.529914   2.33  8847     7.0     8.6   638.0   650.0  14.34   4.60
263.338590    68.571162   2.84  7888    12.7    14.4  1621.1  1439.6  27.09   4.32
156.007160    68.584731   5.20  7050    37.1    46.6  3301.4  3297.8  25.91   2.64
270.035566    68.596385   3.88  8570    16.9    20.6   318.3   311.2  26.85   4.60
266.752411    68.607179   9.39  2630    93.4   107.1  1705.6  1696.2   9.98   4.32
275.542554    68.616641   2.55  8909     8.8    13.1   855.4   873.5   8.90   5.69
278.116660    68.626229   3.08  8891    13.1    13.4  1225.5  1235.9  30.03   6.10
272.483096    68.630618   2.69  8885    10.4    12.1  1117.6  1123.3   0.84   4.83
269.382467    68.680408   2.49  8847     8.2     7.2   735.9   718.3   9.81   4.56
267.163500    68.698490   5.34  2630    34.6    35.2  2217.4  2224.5   0.84   4.33
261.069909    68.762223   2.06  8881     5.4     3.7   439.8   434.1  10.81   4.14
264.234498    68.762939  11.77  7888   147.0   188.8  1703.9  1770.9  14.20   4.34
263.644792    68.777920   2.62  7888    11.7     7.6  2064.4  2025.2  13.00   4.36
150.736825    68.781581   6.90  2105    69.0    91.6  8084.2  8213.9   3.39   3.91
278.145588    68.805972   5.60  8651    35.0    41.1   745.4   764.3   1.89   6.07
269.231402    68.831019   3.35  8847    13.0    18.8   596.1   580.1  16.23   4.51
266.592242    68.837134   2.27  2630     8.5     5.4  1621.6  1603.9  14.14   4.26
288.621399    68.936357   3.01  8441    14.8    14.6  2551.7  2624.3  34.22   6.94
264.130685    68.967053   3.36  7888    18.1    18.8  2485.3  2465.5   4.54   4.27
111.658351    68.971383   9.83  2098   103.1   116.0  2281.7  2154.0  19.29   4.08
150.590803    68.977321   6.08  2105    51.9    68.1  5808.1  5649.8  15.20   3.98
264.625647    69.039240   2.32  7888     9.8     5.8  1777.1  1744.2  15.72   4.22
279.815647    69.048334   5.83  8891    37.3    46.0  1001.2  1023.7  30.59   5.91
149.458828    69.065019  19.94  2102   415.9   495.1  5057.6  5177.0  11.47   4.26
148.886638    69.067303  26.64  2102   754.5   933.7  7076.1  7109.8   0.84   4.22
287.083218    69.069577   7.40  8441    78.3   113.7  6406.9  6320.0   0.38   6.61
185.178855    69.091810   9.86  5803   115.0   150.0  5035.9  5592.7  31.31   1.74
277.440309    69.093921   2.32  8649     7.7     6.1   775.2   753.2  16.00   6.02
269.536505    69.096525   2.04  8809     7.6     9.3   945.1   951.7   2.03   4.48
286.407998    69.118516   4.43  8441    31.6    39.3  4354.6  4371.5  14.55   6.46
276.391429    69.143489   2.57  8649    10.0     6.9   886.4   909.7   6.67   5.87
286.780685    69.147931   8.09  8441    84.8    96.1  5450.9  5353.4   7.96   6.58
270.115185    69.215558   3.60  8848    14.8    18.3   676.0   674.8  23.02   4.50
277.264282    69.227081   3.92  8649    18.4    19.1   727.4   744.8  13.03   5.98
277.188943    69.235844   2.17  8649     6.5     9.3   727.5   761.3  11.81   5.97
269.380038    69.237853   2.09  8809     7.5     9.1   751.6   759.2  10.62   4.44
288.205619    69.239912   3.11  8441    15.9    15.5  2926.7  2975.4  26.40   7.02
270.207547    69.241034   2.82  8809    11.3     9.9   637.2   633.2  15.63   4.50
184.357828    69.254382   8.44  5803   103.8   117.9 10894.3 10883.7  13.67   1.77
182.977321    69.258816   2.80  5803    20.2    20.2  6880.0  6332.4  28.26   1.73
266.392737    69.311568   3.46  7887    17.3    15.8  1179.9  1160.8  28.78   4.12
208.282128    69.312810  31.70 10596  1015.9  1244.5  1767.3  1740.3   0.38   1.82
190.672488    69.392743   3.31  6874    15.5    19.1  1377.6  1379.4  26.03   1.60
231.976360    69.424409   2.65  6896    18.8    20.6  6266.0  6121.5  17.38   2.70
263.031560    69.455310   2.24  8880     6.3     7.4   942.4   942.2   7.24   4.13
231.818652    69.503065   3.31  6896    24.6    31.4  5594.8  5321.1  19.51   2.65
269.511902    69.575484   3.15  8848    11.8    14.3   801.5   802.1  16.29   4.37
269.438984    69.584928   3.09  8809    11.6    11.8   511.6   510.4  30.33   4.36
265.602539    69.603251   2.83  7887    15.2    20.0  1974.8  2009.0   4.90   4.05
233.188101    69.643623   2.97  6896    21.2    18.5  5867.3  6027.3  11.47   2.55
270.630965    69.653422   2.07  8848     5.8     7.3   920.7   945.6   7.99   4.45
270.144886    69.660239   2.21  8848     7.0     3.6  1048.8  1047.8   4.96   4.40
273.575823    69.661945   2.63   159     8.7    11.0   618.6   632.4   2.41   5.40
191.554217    69.662560   3.24  6874    18.3    21.5  2789.7  2719.9   1.89   1.53
148.200255    69.664455   2.85   466    13.7    11.7  3150.5  3210.9  15.75   3.96
293.080543    69.670196   8.29  5631    78.7    99.5  2704.8  2726.7   1.36   7.95
191.426038    69.680163   2.47  6874    12.3    13.6  2666.1  2609.3   3.04   1.53
148.968007    69.681889  38.33   466  1510.4  1892.3  5269.1  5119.8   0.38   4.03
272.467805    69.683864   7.49  9420    65.3    79.1  1807.9  1801.8  18.03   5.06
271.520241    69.689688   2.78  9420    15.7    12.4  2917.7  2886.7   9.18   4.70
199.485254    69.725529   3.16  6880    16.1    21.3  1990.7  1951.2  24.51   1.56
183.924052    69.769743   4.90  5803    46.3    36.5  9168.3  9056.5  18.57   1.76
268.608061    69.809375   2.67  8882    11.0    11.4   743.3   727.6   3.04   4.24
267.532674    69.813301   2.69  2720    10.4    11.5  1366.0  1327.7  14.14   4.12
232.490464    69.819093   2.37  6896    16.9    12.8  5939.0  5793.9  18.06   2.49
271.719723    69.824092  12.95  9420   185.4   207.6  3735.5  3677.7   0.38   4.84
143.631421    69.831728  28.10  3535   800.3  1008.8  2336.5  2257.8   0.38   4.63
272.208074    69.905765   2.34  9420    12.1     8.2  2854.8  2853.7  11.35   5.10
293.433832    69.920286   2.37  5631     9.8    14.6  1719.1  1712.5  15.64   7.96
174.733543    69.920670   2.67  4601    11.3    10.0  1722.9  1670.9  18.48   1.42
262.852423    69.924500   2.13  8845     5.2     4.3   279.9   283.4  13.33   3.99
232.044385    69.940664   7.82  6896    85.3   121.9  4868.0  4855.9  28.54   2.52
266.388784    69.948900   2.40  2720     9.0     9.4  1425.5  1414.7  15.48   3.95
174.242209    69.975335   2.99  4601    16.9    18.0  2724.9  2702.9  10.29   1.41
173.136383    69.989988   2.65  9157    14.3    13.0  3634.8  3629.9  22.30   1.36
266.775054    69.996412   2.32  2720     8.7    10.5  1670.9  1678.3   7.20   4.00
272.053634    70.001947   2.02  1967     5.7     4.9   774.0   805.3   9.43   5.09
200.046713    70.073664   6.97  6880    64.2    98.0  3393.0  3356.4   3.04   1.49
190.898029    70.087381   5.40  6874    33.7    40.5  1366.5  1385.7  27.35   1.56
271.339800    70.094180   2.25  8662     6.8     6.1   720.3   738.5   9.12   4.84
267.134759    70.096290   7.66  2720    64.6    74.3  1720.3  1710.5   5.61   4.04
265.009868    70.097590   2.92  7887    13.7    13.0  1358.9  1369.6  27.19   3.93
267.290777    70.114740   2.58  2720    10.6    13.9  1660.8  1666.7   7.51   4.05
174.113349    70.153236  70.88  4601  5069.6  6371.9  3715.3  3595.6   0.84   1.39
266.066293    70.273466   2.26  8852     7.2     8.1   840.3   816.6   8.27   3.91
267.074708    70.273789   3.45  2720    16.9    12.0  1344.9  1324.9  16.29   4.01
272.705894    70.277998   3.01  1967    10.0    10.1   518.1   480.9  30.17   5.31
268.508716    70.285483   4.76  8884    28.6    29.2  1041.6  1032.6  18.20   4.15
282.548282    70.371754   2.46  6268     8.5     8.5   762.8   770.7   2.75   6.32
266.089153    70.433535   2.14  8852     6.1     5.9   664.2   653.6  12.83   3.90
282.756956    70.488050   2.07  6268     5.9     7.4   636.5   637.8   8.71   6.36
248.658929    70.518804   5.64  5351    39.5    42.6  1922.6  1927.3   0.84   4.55
269.286354    70.558094   8.53  8884    77.7    90.2  1078.9  1120.9  12.67   4.33
322.177762    70.567269   6.18  4995    41.5    52.3  1125.0  1097.4  19.04  26.01
323.219556    70.623938   2.74  4995    11.0     9.1  1508.3  1525.4  15.20  25.81
249.700460    70.680331   2.98  5351    11.9    11.0   967.8   973.2  23.53   4.43
284.865383    70.715977   2.63   893     9.1    10.6  1176.5  1216.6   4.90   6.93
267.589950    70.763966  11.44   889   135.4   171.5  1295.3  1251.1  12.07   4.03
322.975965    70.783697   3.22  4995    14.0    15.3  2079.3  2079.4   5.13  25.15
285.320642    70.797988   2.20   893     7.0     4.3   906.4   942.7   9.98   7.08
111.393945    70.905504   5.29  5120    32.2    40.0  1552.5  1507.5  31.74   3.83
257.492782    70.948054   2.96  3670    35.6    21.4 32687.3 32151.2  12.54   4.17
257.338840    70.950390   7.06    29   112.5   112.9 46173.1 45528.2   9.34   4.17
256.075599    70.953599   3.87  3670    45.6    33.0 25503.9 24859.4  30.26   4.22
278.570029    70.966149   3.05  6267    11.8    14.2   561.3   559.8   5.71   5.83
191.535868    70.966826   4.65  3473    23.7    27.6   703.9   736.1  21.88   1.67
258.046785    70.970230   2.48    29    28.3    33.2 37710.4 38541.6  15.92   4.14
257.244646    71.000043   5.24  3670    71.3    77.7 33173.5 34213.0  10.62   4.17
109.709498    71.002994   2.92  5120    11.3     9.1  1013.9  1008.1  25.23   3.95
 93.913822    71.038815   6.01  6704    41.2    50.1  2096.6  2018.8   0.38   8.85
258.127685    71.130299  11.54    29   218.7   268.5 39508.0 40009.9  15.26   4.11
171.917483    71.130643   4.88   172    32.8    51.4  3008.8  2939.8   4.22   1.60
177.785482    71.139555   4.95  6244    30.5    29.5  1000.7   966.1  22.13   1.49
110.205871    71.162053   3.08  5120    14.8    15.5  2299.3  2283.0  12.05   3.89
231.627824    71.188905   3.03  6895    15.1    18.1  2548.5  2397.1  25.64   2.50
257.840171    71.189423   9.86  3670   179.2   288.2 40581.1 40036.4   6.92   4.12
204.170177    71.206710   4.61  6881    25.3    25.7  1044.7  1139.2  27.56   1.57
199.431485    71.245852   4.31  9121    20.2    23.7   553.9   517.0  33.33   1.51
191.508206    71.295704   2.80  3473    11.2    11.6  1385.8  1405.8   3.48   1.66
213.486632    71.300784   8.03  6885    80.7   121.6  3842.2  3751.6   4.41   2.08
256.139991    71.345762   3.15  3670    36.0    35.0 26018.6 25825.6  28.51   4.20
110.461739    71.347749  11.89  5120   150.8   181.8  3301.6  3210.6   0.38   3.92
176.987039    71.407601   3.20  6244    16.9    15.1  1759.3  1697.8   3.04   1.49
257.331514    71.418392   3.71  3670    47.5    50.1 33011.0 32528.3  16.00   4.12
177.154541    71.452043   2.19  6244     9.8    11.0  1719.7  1727.5   1.13   1.50
176.846167    71.540822   3.28  6244    16.1    15.9  1336.3  1345.0   7.96   1.52
179.945121    71.575008   3.16  3636    11.4    12.8   365.3   348.8  22.30   1.56
256.191025    71.630976   4.63  3670    50.7    57.8 19992.0 19989.5  37.86   4.16
256.639705    71.662286   3.57  3670    36.2    29.3 19839.3 20187.5  34.47   4.13
224.773102    71.667842  10.49   494   124.6   154.9  5270.9  5114.9   0.38   2.33
178.960322    71.674934   4.35  3636    20.9    22.5   566.9   551.8   9.00   1.55
175.910778    71.688631  14.17  6244   207.3   243.9   884.0   846.7  27.29   1.50
179.499010    71.736605   2.24  3636     7.1     4.6   547.0   557.1   9.70   1.57
231.846470    71.740222   3.77  6895    24.2    25.5  3548.1  3389.5  15.31   2.18
237.936193    71.754428   2.78  3218    10.0    13.5   732.9   755.0  27.76   2.79
201.935937    71.770280   2.59  9121     8.6     9.1   645.3   611.2  24.89   1.50
228.042021    71.778877   3.19  6891    27.4    32.0  8462.4  8479.5   9.25   2.22
230.255036    71.811678   3.53  8918    16.9    16.6  1458.8  1396.4   1.89   2.14
231.219111    71.827881   3.49  6895    21.8    20.2  3442.6  3529.9  14.16   2.18
178.359960    71.860422   2.01  3636     5.7     4.1   483.3   475.3  13.29   1.59
230.344790    71.864508   2.80  6892    13.4     8.9  1793.8  1694.9  28.53   2.16
211.718985    71.894506   3.22 10197    20.6    26.6  3311.3  3297.8  15.75   1.91
225.193218    71.953299   2.86   494    12.1    12.8  2343.1  2505.8  18.49   2.25
228.114501    72.010434   5.45  6891    53.4    54.9  8982.6  8856.0  10.73   2.16
237.437827    72.027880   2.81  3218    10.9    15.2  1075.7  1077.2  12.05   2.65
150.469876    72.174543   3.96  3470    18.6    25.7   898.8   893.0   3.79   3.04
237.718266    72.207021   4.88  3218    28.0    30.5  1557.0  1529.1   0.38   2.69
190.715213    72.273460   4.08  6873    29.4    37.4  4373.4  4216.3   8.47   1.61
 32.814184    72.300956   3.66 10240    19.4    27.3  3437.7  3472.7  13.26  32.28
 32.727242    72.319108   2.15 10240     8.6     7.8  3591.3  3587.3  11.57  32.10
212.035749    72.349415  15.87    27   332.6   410.0 26653.8 26998.8  27.32   1.84
211.129924    72.418018   3.90 10197    27.0    36.2  3480.4  3465.7  18.49   1.78
165.467900    72.422405   7.28  5230    62.2    68.1  3293.7  3245.7   0.38   3.23
197.655155    72.469533   3.27  6878    16.0    16.6  2161.7  2081.4  28.54   1.62
183.937925    72.555800  28.77  3208   841.2  1025.3  1958.3  1897.0   0.38   1.68
166.717357    72.567301  20.85  1947   455.4   522.2  4670.9  4519.8   0.38   3.23
275.393938    72.605766   4.12  5193    20.6    28.4  1729.3  1746.8  10.21   5.20
119.138466    72.607098   3.15  6842    13.4    21.1  1507.7  1499.9  23.97   3.28
199.045962    72.694506   5.42  6878    37.6    45.6  2700.3  2709.4  15.84   1.64
275.269995    72.729817   5.55  5193    35.9    48.3  1994.6  1957.9   4.54   5.16
165.639381    72.779090   9.51  1947    99.7   114.9  2690.6  2456.3  23.00   3.45
  0.621837    72.910488   6.46  4934    51.7    61.3  3087.4  2951.7  21.68  21.20
198.413048    72.987783   8.49  6878    85.3   117.6  3421.6  3505.3   6.14   1.68
125.320950    73.020392   2.30  2261     7.6     5.8  1058.8  1053.5  18.39   2.78
244.575201    73.091958   2.28 10194    10.9     5.8  3180.3  3106.5   9.34   3.67
245.583893    73.102738   2.36 10194    10.0     8.6  2250.5  2280.1  19.92   3.76
126.329589    73.107675   6.91  2261    52.6    62.4  1700.8  1703.1   0.84   2.74
127.036139    73.139183   3.05  2261    11.8    15.9  1108.7  1153.1  12.60   2.68
329.829800    73.186414  10.66  9711   127.1   159.5  4161.2  3964.1   0.38  23.09
185.555247    73.249981  10.34  3209   119.7   143.8  2119.0  2011.8   0.38   1.81
244.967420    73.271071   2.55 10194    12.2     9.2  3389.5  3355.5   7.32   3.62
109.126239    73.332716   6.43  3199    46.4    49.2  1734.8  1705.8   0.38   4.25
109.539119    73.454834   2.82  3199    11.3    15.8  1319.9  1339.6  10.18   4.19
321.692308    73.545986   3.15   901    13.4    15.2  1958.1  1934.1   6.19  16.41
109.341363    73.552912   2.49  3147     7.9     9.6   718.5   696.4  13.73   4.26
321.561692    73.652192   3.04   901    13.2    14.2  2324.8  2212.5   2.95  16.24
 34.362222    73.821238  17.63 10235   337.4   391.7 10393.5 10223.3   0.38  26.70
 33.660069    73.857467   2.77 10235    15.9    17.4  6928.3  6744.9  12.14  26.71
225.083662    74.132380   2.67  7626    18.9    20.6  6912.1  6677.4   0.38   2.37
224.558770    74.192206   2.54  7626    16.0     9.4  5456.0  5405.8   8.96   2.38
279.456386    74.207210   3.23  4066    14.1    11.5  1616.1  1614.7  17.04   6.56
224.425205    74.226953   3.45  7626    21.5    28.4  4576.9  4721.0  11.81   2.39
115.448153    74.238134   6.16  3031    41.8    47.1   635.5   624.2   0.38   3.57
123.261183    74.295263   5.92  5933    54.2    60.1 10065.7  9765.5  13.83   2.82
116.026459    74.571699  17.93  4599   332.5   387.5  1296.4  1295.2  25.67   3.63
124.812577    74.624756   2.91  5933    18.9    26.6  7035.3  7256.7  18.97   2.68
125.558555    74.670328   6.29  5933    54.5    69.2  6565.1  6224.7  30.95   2.65
114.534006    74.720337   3.23  3031    11.6    10.4   245.2   248.0  32.08   3.76
276.234094    74.760471   3.30  3092    15.1    21.5  1399.3  1391.2   1.89   5.80
122.529676    74.766581   3.49  5933    21.5    24.9  7410.3  7295.1  25.71   2.92
142.021168    74.781068   8.73  8439    93.6   127.8  4384.5  4313.1  37.09   2.19
122.698593    74.793404   3.15  5933    20.6    21.9  6810.7  6577.7  24.92   2.91
138.394047    74.854721  15.75  8439   265.0   311.9  5307.4  5204.9  20.09   1.80
277.144980    74.976307   2.81  3092    10.1    13.8   822.3   826.6  20.74   6.09
185.196046    75.096966   9.26  5424   117.5   125.2 10982.2 10943.8  13.00   2.71
138.451385    75.192618   2.64  8439    14.0    13.2  4125.0  4235.1  29.13   1.75
106.062317    75.236197   4.94  8955    32.0    41.4  2674.3  2687.8  24.00   5.71
186.658835    75.245533   5.94  5424    56.9    71.1  8998.4  9092.8  19.25   2.66
354.242470    75.268612   2.84  7356    11.0    10.7  1076.2  1047.0  25.78  19.20
185.436780    75.310518  65.51  5424  4382.2  5565.0 15366.5 14990.8   0.38   2.81
106.057129    75.413979  11.33  8955   138.8   185.5  2479.9  2534.0  23.64   5.92
184.936696    75.549825   7.46  5424    80.4   105.7  8653.3  8537.0  16.34   3.00
358.065781    75.562713   5.03  7356    28.9    38.1   906.0   910.3  37.65  21.49
311.195522    75.579003   8.38  3365    89.5   101.0  7276.9  7517.3  28.01  11.79
309.338428    75.597246  71.71  3365  5216.0  6696.5 19390.2 18760.7   0.38  11.42
311.592227    75.621467   2.96  3365    19.6    24.2  7800.1  7026.0  33.92  11.82
122.422939    75.813092   5.87  5336    37.6    44.6   929.5   937.2  16.27   3.06
185.979655    75.870091   3.25  5424    21.8    27.5  6794.9  6081.3  34.86   3.15
